Q0_Similar_List:29181,4737,19380,41007,3487,8010,8011,12320,12321
Q10_Similar_List:29809,36254,36255,34057,1061,21123,25395,2639
Q11_Similar_List:29850,26005,39781,17511,17512,39784,16875,16876,30269
Q12_Similar_List:29885,29886,25747,29308,29309,25256,6376,27133,30128
Q13_Similar_List:29940,17402,35594,17031,17276,17277,23866,8085
Q14_Similar_List:29974,29975,5987,5988,33410,33411,33412,5613,7647,29642,33249
Q15_Similar_List:30022,9048,5426,5673,10864,8070,39298
Q16_Similar_List:30060,30061,10694,10695,27818,27819,26462,38152,11581,27623
Q17_Similar_List:30108,3170,6508,9235,39236,39237,10967,26310
Q18_Similar_List:30149,28451,36916,18987,18988,25691,3247,5373
Q19_Similar_List:30194,365,25090,25091,24998,25308,25309,25905,30781
Q1_Similar_List:29395,29978,29979,39334,19441,29156,7448,7449,29293,29294
Q20_Similar_List:30233,30234,29792,31334,31335,30466,30467,11325,11326,37194,15906
Q21_Similar_List:30269,16875,16876,13725,29850,21114,21115,26436,29812
Q22_Similar_List:30313,41917,3440,21910,433,19744,7801
Q23_Similar_List:30347,17833,39576,16561,26569,8453,19858
Q24_Similar_List:30380,41568,41569,27898,27899,10207,32548,32549,3774,37058,37059
Q25_Similar_List:30413,24402,30784,33318,33319,33320,28965,28966,31210,31132
Q26_Similar_List:30447,30448,19342,19343,12676,36088,39920,24733,4280
Q27_Similar_List:30477,27178,33112,25571,33313,2274,4734,4735
Q28_Similar_List:30516,28443,28444,28445,27896,27897,31096,20801,2601,19013
Q29_Similar_List:30541,23419,12695,5005,11015,41010,18855
Q2_Similar_List:29431,33291,33292,27813,27814,27848,27849,28407,28408,41473,27993,27994
Q30_Similar_List:30577,30578,30579,26255,25767,25768,658,10058,17839,17840,17841,17842,29018,29019,29020,29021
Q31_Similar_List:30615,6019,7099,14286,20119,1937,23339,23340
Q32_Similar_List:30669,8229,8230,8231,33084,14956,29749,29750,34095,34096,24322,24323
Q33_Similar_List:30696,7171,6363,6364,29117,37470,37471,34521,34522,19749,19750
Q34_Similar_List:30731,30732,20876,34897,22106,24029,32563,25711
Q35_Similar_List:30768,32240,32241,6268,6269,23216,2452,20515,21097
Q36_Similar_List:30792,30793,3650,3651,32688,32689,27514,27515,16043,16044,18837,18838,34499,34500,34501
Q37_Similar_List:30820,2339,15080,12099,16457,8475,8476,8477,8478,8479
Q38_Similar_List:30848,27003,27004,26625,25161,31954,29542,29543,27220
Q39_Similar_List:30892,7498,33128,27201,10139,10140,29177,30576
Q3_Similar_List:29479,29480,21891,5273,11440,25021,2032,7492
Q40_Similar_List:30922,27526,15551,17011,17221,33007,29446
Q41_Similar_List:30949,7619,16623,16624,7478,2259,20491,26563,26564
Q42_Similar_List:30970,27888,19943,21506,10921,17383,17384,33665,33666
Q43_Similar_List:30999,39869,4462,4463,40509,41014,3575,3576,16089,16090
Q44_Similar_List:31026,32190,32191,31060,21475,23708,23709,27189,14067
Q45_Similar_List:31067,25975,31218,12513,30979,40141,27328,27329,27330
Q46_Similar_List:31102,4526,22187,25869,26453,27498,24913,24914
Q47_Similar_List:31132,24402,26337,30413,31803,31804,27519,40216
Q48_Similar_List:31167,26784,30091,31425,24113,11073,11074,32202
Q49_Similar_List:31207,481,482,483,30835,30836,9015,9016,9017,9018,11871,720,42249,42250
Q4_Similar_List:29532,29531,31094,18013,12244,12245,12267,12413
Q50_Similar_List:31234,13051,30598,9930,15164,1000,11522
Q51_Similar_List:31264,8429,13659,4877,4878,5667,42220,29177
Q52_Similar_List:31293,4287,11478,17197,17198,21906,30892,14899,14900
Q53_Similar_List:31322,2639,18427,18428,19759,21650,32593,21637
Q54_Similar_List:31346,31347,21076,32937,41939,16038,21325,31185
Q55_Similar_List:31373,31712,31713,30580,30581,31344,31345,31486,30005,30006,31565
Q56_Similar_List:31407,36747,26943,28584,28455,28456,15958,15959,31406
Q57_Similar_List:31439,31440,4208,2046,2047,77,2989,1540,12313,12314
Q58_Similar_List:31467,25854,25855,6979,6980,10967,9116,9117,8933,39812
Q59_Similar_List:31497,24985,10057,32615,1407,32004,32005,24580
Q5_Similar_List:29597,29598,13509,39262,39263,22617,22618,8669,40674,40675,5420,5421
Q60_Similar_List:31544,17025,24471,20128,30474,4210,16468
Q61_Similar_List:31577,31576,31579,35264,26301,25273,25011
Q62_Similar_List:31622,33886,33887,36490,26890,42369,16260,3787,3788
Q63_Similar_List:31657,13058,16180,16181,36575,29500,40381,23555
Q64_Similar_List:31688,3229,1133,1134,31572,21506,11811,11812,34363
Q65_Similar_List:31746,40291,32644,22561,22562,22563,19454,19455,39123,39124,27393,27394
Q66_Similar_List:31781,30698,32056,8753,30305,22136,1845
Q67_Similar_List:31827,13132,9426,25557,35521,1985,8579
Q68_Similar_List:31865,9695,4439,12363,3900,3901,23762,8048
Q69_Similar_List:31910,11847,11848,22099,22100,22101,26685,37499,37500,2618,4287
Q6_Similar_List:29646,29647,11413,29438,23718,26042,26043,35123,26093
Q70_Similar_List:31961,16667,16704,35400,26500,2674,2873
Q71_Similar_List:31995,16922,16923,7725,26694,26695,8210,20005,19555
Q72_Similar_List:32034,37133,36767,41752,8994,30715,24958
Q73_Similar_List:32068,5028,18112,38000,38001,40748,8328,8329,10845
Q74_Similar_List:32123,32124,38548,38549,38550,30445,41172,41173,42194,42195,42196,42197,42198,17983,8326,8327
Q75_Similar_List:32158,22157,22209,9553,9554,22737,22419,28592,28593
Q76_Similar_List:32206,34145,6107,285,286,24980,39220,26687
Q77_Similar_List:32244,25186,28656,16152,35441,35442,4642,32563
Q78_Similar_List:32284,19165,10714,10715,19185,26159,2374,33116
Q79_Similar_List:32324,6278,6279,34488,34489,11405,11406,9181,35589,35590,25020
Q7_Similar_List:29687,29688,29334,29335,11162,11163,11164,11165,11166,28526,28527,41905,6447,6448,28718,28719
Q80_Similar_List:32374,32375,7551,20189,29701,17462,26719,31022
Q81_Similar_List:32422,5484,5485,28285,28286,29308,29309,27990,25256,6376
Q82_Similar_List:32469,13956,23136,23137,5637,6114,7639,4773,4774
Q83_Similar_List:32510,32511,22129,22130,2190,1416,795,796,20696,20697,20698,20699,20700,20701,20702,20703,22461,22462
Q84_Similar_List:32558,19187,10264,38879,5784,10254,10255,4439
Q85_Similar_List:32613,32614,23273,23274,6640,6641,12699,18009,18010,20528,41685,41686
Q86_Similar_List:32647,22735,22736,1051,1052,23499,23500,12746,12747,14298,14299,17617,17618,17619
Q87_Similar_List:32694,39589,19521,22568,22919,19696,19697,32618,32619
Q88_Similar_List:32729,29716,29717,31867,31868,29981,37834,36140,36225,36226
Q89_Similar_List:32770,32771,8502,26085,814,815,38519,25014,40869
Q8_Similar_List:29720,29721,26318,104,105,11429,30325,5386,30198,30199
Q90_Similar_List:32815,32846,23958,19726,30331,1341,19987
Q91_Similar_List:32861,31599,30927,19616,29791,28095,29357
Q92_Similar_List:32888,32889,11893,16487,23124,27902,1903,1904,12804,12805
Q93_Similar_List:32927,21975,21976,30123,10907,19735,29197,12107
Q94_Similar_List:32966,5157,32718,34521,34522,32187,32188,16145,29553
Q95_Similar_List:33014,33015,18030,18031,17238,27720,34039,3407,35630
Q96_Similar_List:33071,33072,5494,8208,20617,11269,11270,5495,22309,22310
Q97_Similar_List:33106,33107,8903,33104,33105,4734,4735,1909,30109,30110,32583,32584
Q98_Similar_List:33138,33139,23857,23858,28313,37301,27846,28419,28420,35307,35308
Q99_Similar_List:33175,33176,10702,10703,11176,11177,40395,22525,22526,22527,27184,25854,25855
Q9_Similar_List:29778,29209,5486,5487,7099,29803,17691,765,766
