Q0_Similar_List:4441,4442,10873,34289,9048,11225,10864,11815,27607,10802
Q10_Similar_List:4880,953,8173,37332,11160,11161,21139,30889,20311,20312,5445
Q11_Similar_List:4905,4906,4700,4726,4888,4245,4733,3875,4602,17383,17384
Q12_Similar_List:4928,4929,9183,12254,37281,24785,10583,8010,8011,26256,40657
Q13_Similar_List:4959,4960,36350,36351,13347,21603,7379,9663,11170,21126,22103
Q14_Similar_List:4982,2805,685,21007,33156,7360,10853,32148,32149,1074
Q15_Similar_List:5019,5020,5199,30358,30359,4708,4419,4766,28625,29354,29355,742
Q16_Similar_List:5061,5062,26476,19772,24838,16143,31532,13579,27507,19692
Q17_Similar_List:5204,3115,1418,9670,9671,10457,10458,14685,14983,16321,16322,26440
Q18_Similar_List:5365,5366,17365,17366,27254,24117,24118,24119,12323,12324,12325,20669,20670,18656,18657,22163,22164,21717
Q19_Similar_List:5406,41534,29523,29524,30835,30836,11350,17278,42249,42250,941,942,6526
Q1_Similar_List:4601,14908,25362,34470,7864,2173,25358,10862,42101
Q20_Similar_List:5449,2106,2107,12489,12490,7039,7040,538,3978,34268,37588,2049
Q21_Similar_List:5491,10640,10641,31888,4939,4940,11158,40433,7534,28299,28300,27607
Q22_Similar_List:5524,33370,3273,27386,11882,11883,26343,10250,4970,4971,11465
Q23_Similar_List:5557,5558,37879,38179,38180,9111,12294,12295,24115,37376,5427,5428,5429,10927,10928
Q24_Similar_List:5592,5593,27719,23093,23094,6109,6110,19815,19816,2956,3824,3825,17949,17950,14280,14281
Q25_Similar_List:5627,5628,32141,32142,4861,8430,8431,8432,3403,32708,19305,470,312,313
Q26_Similar_List:5660,22266,17276,17277,37902,11534,25918,18778,22301,11677
Q27_Similar_List:5692,5693,19885,19886,34926,34927,25154,19529,27746,29240,32050,32051,6357,6358
Q28_Similar_List:5726,5727,6362,12663,12664,36159,36160,39340,40788,279,10689,10805
Q29_Similar_List:5755,5756,15466,5438,5439,5440,21899,7951,7952,38704,38705,8944,11301,31207
Q2_Similar_List:4640,25590,15465,27169,16576,16577,22429,24476,20843,20836
Q30_Similar_List:5793,6272,17739,17740,18681,19617,7281,30207,41577,38512
Q31_Similar_List:5823,5824,9778,2358,14253,14254,14255,14256,38931,38932,9275,18145,16083,16084,21884
Q32_Similar_List:5854,37697,37698,5853,5876,26490,26491,29207,29208,41010,12173,12174,14029
Q33_Similar_List:5885,24598,35320,35321,6100,7123,36576,36577,4624,38742,9390
Q34_Similar_List:5922,5923,10898,4464,4358,8251,41363,9052,21553
Q35_Similar_List:5949,5950,41455,41456,41457,9192,10982,10983,39039,39040,2243,2244,3775,3776,22065,609
Q36_Similar_List:5979,19007,5637,12800,5644,16284,27367,2380,11375
Q37_Similar_List:6019,36556,7782,19885,19886,41967,12854,556,3984,3985,3986,7812
Q38_Similar_List:6064,6065,33425,33426,33427,22139,2320,10879,5149,5150,5151,8779,23756,23757,40504,40505
Q39_Similar_List:6101,2325,2326,7333,25400,11875,11876,25230,3415,21243,21293
Q3_Similar_List:4669,9106,23999,4021,36598,6934,6935,1104,3594,3686
Q40_Similar_List:6141,6142,38824,38825,1442,585,10764,10765,14054,14166,14167,20456,26115
Q41_Similar_List:6168,8209,2510,1870,1871,1906,19788,37605,30819,4979
Q42_Similar_List:6215,6216,727,956,957,4535,27643,29640,25,26,24810,5987,5988
Q43_Similar_List:6258,6259,1304,1305,41247,40625,40626,40627,24691,24692,41246,31452,23996,10012
Q44_Similar_List:6298,7183,19470,19471,7256,7257,7370,7371,5827,6349,5899,37888
Q45_Similar_List:6344,6345,32171,23971,23600,42213,7668,7669,12346,12347,19686,9211
Q46_Similar_List:6393,6394,2912,29415,29416,34624,21096,27847,29131,29132,37386,41330
Q47_Similar_List:6446,2905,2491,6451,11287,11288,1867,1868,1253,1254,5670,7934
Q48_Similar_List:6493,6494,13411,13412,2820,1655,18776,22264,22265,15286,15287,20195,20196,22091,22092
Q49_Similar_List:6538,6539,27392,19180,19181,7150,5995,18715,5930,5631,5632,5516,5517
Q4_Similar_List:4698,15494,26286,36854,36855,4522,4523,4157,36382,8883,12426
Q50_Similar_List:6588,6589,36654,37922,15741,31897,38566,34575,34576,3845,3846,32174
Q51_Similar_List:6650,6651,6648,9637,37741,239,14361,14362,5973,5974,27771,11114
Q52_Similar_List:6715,6716,23726,32942,5779,14784,40075,1064,6185,12716,12717
Q53_Similar_List:6795,12804,12805,7505,38727,38728,14384,14385,37003,19512,19934,13425
Q54_Similar_List:6861,6862,7823,12177,12178,12054,13091,13092,8835,19385,8005,8441,8442,8443
Q55_Similar_List:6944,12359,31955,8415,24744,5617,21122,28671,29968
Q56_Similar_List:6977,6978,8715,9432,37232,37233,1717,6921,6922,12700,12701,40411,20683
Q57_Similar_List:7026,6195,6339,38163,32622,37443,37444,19732,26803
Q58_Similar_List:7067,7068,7069,37995,37996,37515,37516,40442,25635,25636,32155,33112,25571,37374,37375
Q59_Similar_List:7114,7115,27058,8325,6074,2908,35316,5330,14396,23234
Q5_Similar_List:4726,4905,4906,4700,4888,4733,4602,4245,17383,17384,8319
Q60_Similar_List:7155,30058,402,605,1487,11645,29284,29285,3918,3919,5929
Q61_Similar_List:7200,7201,8053,21083,11719,921,922,6404,6405,4331,5970,645
Q62_Similar_List:7239,7139,7140,29349,16733,13439,13440,22543,16554,14633,14634,23589
Q63_Similar_List:7271,7272,37853,29961,29276,38654,18987,18988,15009,37812,11046
Q64_Similar_List:7310,7311,5561,11560,11561,7233,27106,2238,4562,8868,31973,31974
Q65_Similar_List:7361,7362,12372,16491,11199,28990,28991,4305,4306,19556,6811,11388
Q66_Similar_List:7416,7417,31751,13608,13609,24003,16224,35986,33694,33695,33696,33697,41256,41257,30866
Q67_Similar_List:7470,7471,6094,40670,40671,1060,21917,21918,549,13574,22674,40968
Q68_Similar_List:7537,7538,19846,30390,37553,42469,35712,27784,27785,35990,29547
Q69_Similar_List:7592,8877,10936,2391,2544,41939,32699,7686,3637
Q6_Similar_List:4751,4752,41074,15650,2795,32617,36518,19203,12853,10200
Q70_Similar_List:7636,33464,9926,8750,8751,97,13713,36512,14064,1366
Q71_Similar_List:7666,26760,23363,12931,12932,7647,27643,7591,10986,10987,17968
Q72_Similar_List:7720,7721,6305,6306,6307,6308,11360,11361,10893,10894,7526,7527,5685,5686,8078,8079,5004,5967
Q73_Similar_List:7768,7769,13266,17997,25653,7256,7257,19337,19338,33383,33384,33385,17965,26215
Q74_Similar_List:7830,7831,17955,17956,27519,24201,13087,13088,20244,24898,36821,36822,4621
Q75_Similar_List:7876,29714,6943,38871,7922,41348,41349,5713,11000,40771,40772,40773
Q76_Similar_List:7924,6232,30643,30644,37160,37161,23389,3545,6392,8867,31931
Q77_Similar_List:7957,10130,24139,24140,2711,29475,2514,26631,26632,32268,32269,9028
Q78_Similar_List:8000,8001,11299,1030,1031,37107,37108,3801,2560,2001,12202,2055,2056
Q79_Similar_List:8050,39932,39933,16480,16481,21464,30818,13745,14564,20414,20415,26093
Q7_Similar_List:4787,4788,4893,4894,20121,40007,2035,4516,40362,40363,3056,9682
Q80_Similar_List:8091,8092,5765,10351,3229,8409,38540,38541,22091,22092,35159,35160,19434,19435
Q81_Similar_List:8136,8410,8411,19713,23018,19732,7310,7311,7254,7255,33305,37887
Q82_Similar_List:8181,8182,8910,8911,7002,6384,10690,9312,9313,4352,1491,1492,5206
Q83_Similar_List:8237,27367,5979,9402,13413,8886,8887,5207,11573,41150
Q84_Similar_List:8268,8269,14766,12153,5430,12507,33325,5578,16487,22317
Q85_Similar_List:8311,40065,3124,1831,26167,26168,39910,1659,7726,7727,7728,36574
Q86_Similar_List:8352,8353,28598,28599,27794,27795,27798,27799,37822,38711,38712,37374,37375,32550,7070,7071,7072,7073
Q87_Similar_List:8383,8384,4541,9373,42335,42336,28268,28269,30851,28573,28574,31086,31087,6377,6378
Q88_Similar_List:8425,1457,31621,17414,22413,14226,28175,8843,15252,15253
Q89_Similar_List:8464,28335,29117,29434,39926,39927,37771,19457,29699,30107
Q8_Similar_List:4818,4819,22648,22649,3216,6243,6244,25365,23161,33156,4955,4956,32328
Q90_Similar_List:8498,4576,32768,4124,15205,27228,27229,41021,16633,3677
Q91_Similar_List:8527,888,889,10729,10730,10731,10745,10746,10747,10485,469,11424,11425,1428,1429,4552,4553
Q92_Similar_List:8546,37370,2391,5006,8316,3637,8043,8044,809,8501
Q93_Similar_List:8575,27228,27229,15029,15494,26022,14879,23978,7519,7520,1875,1876
Q94_Similar_List:8616,34909,5283,27303,27304,27305,4315,6141,6142,14166,14167,20748,1947
Q95_Similar_List:8649,8650,5076,3081,15002,17541,35632,40702,1985,2705
Q96_Similar_List:8698,8699,10812,37074,37075,35802,2913,4839,27112,27113,4647,39219
Q97_Similar_List:8732,16514,80,26736,26762,26044,26286,17873,11529
Q98_Similar_List:8763,36094,36095,19624,34930,15101,35803,380,844,16556
Q99_Similar_List:8805,8806,31594,31323,32551,13460,33140,40058,26472,35955,35956
Q9_Similar_List:4847,107,2474,9876,1116,1117,22198,22199,2733,2734,41238,21881
