Q0_Similar_List:37357,38785,21989,17454,22919,22422,41658,31025,34893,34894
Q10_Similar_List:37816,37817,37021,20168,38785,37915,37916,9509,19256,19320,25973
Q11_Similar_List:37868,37869,38786,38787,32308,37870,9531,9532,9533,32236,39810,36900,36901,35828,35829,35830,35831
Q12_Similar_List:37906,37907,13983,14538,14539,6161,13347,32627,32628,16780,9423,11517,11518
Q13_Similar_List:37945,5718,5719,7910,7135,9619,40663,38357,16342,38360,38361,38362
Q14_Similar_List:37994,41566,41567,37811,37959,41809,38713,35612,35613,36491,34373
Q15_Similar_List:38030,38031,34365,35003,35420,37967,37968,37969,38010,38011,38012,34172,34196,34197,19186
Q16_Similar_List:38084,6907,41124,38325,19648,19649,6887,19431,19102,29150
Q17_Similar_List:38144,38145,136,26919,26920,14093,26571,2733,2734,42231,42232,1862,34611
Q18_Similar_List:38181,10750,19981,39152,11649,29313,3134,27141,27142,6158
Q19_Similar_List:38232,38233,38234,38235,38236,35822,35823,42174,42175,42176,17433,17434,34657,28993,28994,33703,33704,3078,35865,35866
Q1_Similar_List:37499,37500,41977,41978,29115,19602,19603,32651,27670,2884,26132,30585
Q20_Similar_List:38281,38282,1692,1693,30227,30228,42147,42148,15348,15349,15350,2759,5501,5502,37294,10680,10681
Q21_Similar_List:38328,38329,8835,39656,33464,32221,8180,8810,7956,37551,37552
Q22_Similar_List:38412,34910,39917,20969,29064,4568,27139,27140,10823,10824,12229
Q23_Similar_List:38481,41804,41805,37357,38494,22422,38762,21989,31025,39291
Q24_Similar_List:38524,38525,34750,34751,39005,41319,34681,35007,41318,37126,2473
Q25_Similar_List:38577,37936,38562,38563,32161,32162,41350,10752,11048,11049,11050,11672,11673,12158,12159,12160
Q26_Similar_List:38628,42077,6176,6177,29503,35214,29400,10780,10781,38637,5909
Q27_Similar_List:38667,7137,42278,22816,38515,38516,37984,17266,17267,17268,17269,17641,17642,6176,6177
Q28_Similar_List:38711,38712,28598,28599,37374,37375,27794,27795,27798,27799,29567,29568,37822,39939,29652,29653
Q29_Similar_List:38749,38750,41743,41744,41745,1691,7303,7304,4460,28459,1166,4214,4215,7503,7504
Q2_Similar_List:37528,37529,38468,38469,10059,9083,40562,40563,40564,40565,40566,40567,40568,40569,40570,40571,2048,41264,38128,38129,1933
Q30_Similar_List:38802,38803,20610,22659,22817,22818,22819,20234,27979,28368,28369,6377,6378,31962
Q31_Similar_List:38854,38855,38856,28290,28291,26944,38358,30867,11002,18512,33644,33645,6469,6470
Q32_Similar_List:38891,38892,5170,5171,18735,18736,149,28563,28564,28565,5004,7908,7909,28573,28574,35938
Q33_Similar_List:38960,20155,38893,38894,372,34276,7915,1934,26441,28696
Q34_Similar_List:39007,39008,7796,28390,32895,30476,23841,23842,30479,41399,41400,12384,12385,12386,12387
Q35_Similar_List:39044,39045,36813,4673,19347,19348,22617,22618,12605,12606,32056,36564,41706,41707
Q36_Similar_List:39085,39086,38601,29689,39276,39277,28071,29003,37812,17469,39131
Q37_Similar_List:39126,14817,14818,35620,36288,36289,42241,26769,36453,31017,31018,17063
Q38_Similar_List:39155,39156,41953,41954,38069,37777,37778,35167,34925,37960,38099,37057
Q39_Similar_List:39197,26433,26434,30157,30158,30159,30160,41693,41694,39091,36107,36108,36109,36110,2153,2154,15962,22913
Q3_Similar_List:37565,37566,37575,28015,28016,28017,28018,23763,6347,6348,37887,6346,12820,12821,5728,5729
Q40_Similar_List:39240,39241,35871,26640,26641,13958,16286,42467,23642,23643,26656,14893
Q41_Similar_List:39293,39294,37911,37912,20149,18568,18569,18570,38929,38930,29085,39311,12951,12952,39235
Q42_Similar_List:39335,39336,39687,11920,11921,395,396,29547,30041,29851,16582,872
Q43_Similar_List:39374,39061,17683,7446,22467,5434,28242,28243,22322,37564
Q44_Similar_List:39410,39411,39412,39413,39414,39415,41094,41491,41325,39531,39532,424,425,36195,37768,39950
Q45_Similar_List:39454,39455,19415,22451,9588,27657,14861,2607,2608,9937,15962
Q46_Similar_List:39490,39491,34282,34283,6695,34217,34241,40831,7381,7382,10984,33041
Q47_Similar_List:39523,7736,29432,1636,5882,41126,17387,19698,19699,19700,34810,34811
Q48_Similar_List:39558,39311,37483,37484,18568,18569,18570,39434,39435,37911,37912,39939,29652,29653,37486,37487
Q49_Similar_List:39595,39813,39814,24712,37099,16610,16611,26925,6414,6415,13257,42020,42021
Q4_Similar_List:37604,39329,39330,21212,1187,10181,3373,20502,20503,17025,16468
Q50_Similar_List:39629,38808,38809,38810,38811,15286,15287,24865,35741,35742,41536,41537,24453,24454,29987,29988,13017
Q51_Similar_List:39656,9221,9222,1477,13120,21710,26675,2819,18929,18930,9272,9273
Q52_Similar_List:39683,36225,36226,15463,35062,14835,24299,24300,29716,29717,23772,26681,26682,26683,26684
Q53_Similar_List:39721,29950,29951,41017,35803,9749,20355,29948,41841,41842,13665,13666
Q54_Similar_List:39762,40402,2710,12119,3545,10678,4289,11762,26624
Q55_Similar_List:39805,900,901,13673,30166,30167,19598,19599,11418,11419,11904,33226,33227,32690
Q56_Similar_List:39836,415,34771,22834,34669,34670,34671,34672,41504,41505,23714,23715,39286,2790
Q57_Similar_List:39877,41046,24575,24576,25524,36019,31354,26456,26457,40522,9265
Q58_Similar_List:39911,11520,13768,23770,294,295,34122,35416,35417,35519,39084
Q59_Similar_List:39939,29652,29653,28089,28090,40628,40629,28686,28687,33264,33265,29567,29568,11153,11154,27972
Q5_Similar_List:37636,37637,28686,28687,28023,28024,24134,28469,8117,8118,28107,28108,28228,28229,28230,5172,5173
Q60_Similar_List:39966,21654,2584,8868,11983,25366,40451,40452,38384,38385,1988,1989
Q61_Similar_List:39989,3247,14428,16155,39618,18987,18988,36752,23095,1687
Q62_Similar_List:40018,17388,16174,9148,37067,9801,15625,15626,6461,13284
Q63_Similar_List:40059,8490,26490,26491,41122,19512,38624,38625,2055,2056,34618,3116
Q64_Similar_List:40090,40091,3436,3437,40605,33864,38532,16454,17079,20483,16089,16090
Q65_Similar_List:40120,36962,24014,40822,31103,1752,3273,4526,9158
Q66_Similar_List:40142,12646,12647,12392,12393,42344,42345,3694,3695,13936,13937,12660,14118,14119,14120,16348,16349
Q67_Similar_List:40167,40240,9263,10391,37504,41841,41842,16196,16197,32447,40952
Q68_Similar_List:40202,40203,42335,42336,38882,38934,38935,8819,21303,36625,5335,15333,15334
Q69_Similar_List:40230,23523,41865,41866,23726,17888,17889,22307,21462,9029,9030,1877,1878
Q6_Similar_List:37675,6272,41658,38038,37449,41577,29162,37583,38111
Q70_Similar_List:40271,40272,38782,39420,16944,40392,40393,40743,18770,18771,18772,33924,17111
Q71_Similar_List:40301,40302,14407,4360,4361,4362,4359,4286,13906,26867,21161,21162
Q72_Similar_List:40334,9354,9355,6059,6060,1103,40651,8406,8407,8522,8979,16796,16797
Q73_Similar_List:40364,8090,2744,30651,40348,40349,21418,30968,24237,32918
Q74_Similar_List:40401,4962,3001,34339,3523,4666,34163,34164,41046,3649
Q75_Similar_List:40435,14908,28387,8494,20135,17113,21826,1831,9749
Q76_Similar_List:40469,715,35692,1139,112,7531,10721,372,16837,16838
Q77_Similar_List:40504,40505,6064,6065,35750,35751,20596,20597,29563,29564,9153,23756,23757,9616,26454,26455
Q78_Similar_List:40531,40328,41864,23217,23218,13861,40493,39956,41340,35044
Q79_Similar_List:40573,38958,3175,3176,34382,39621,4332,34521,34522,23420,23421,32831
Q7_Similar_List:37712,37713,28378,38009,36402,37910,37774,37775,38086,12317,12516
Q80_Similar_List:40593,40594,5639,5640,19501,19502,35313,35725,36276,743,199,592
Q81_Similar_List:40632,31513,16846,16847,14451,13444,42403,42404,17630,21557,3193,3194
Q82_Similar_List:40669,33293,37314,23214,23215,27657,15168,15169,19751,19752,34405,34406,37274
Q83_Similar_List:40702,2549,3081,17541,34897,29151,29152,19744,11665,37145,37146
Q84_Similar_List:40747,1280,22866,5401,11015,24632,24633,25197,25198,31933,31934,29476
Q85_Similar_List:40791,37865,33611,33612,1079,26576,30723,2975,2976,20719,36449
Q86_Similar_List:40819,36334,35945,790,3879,3880,12573,12574,21855,3991,14583
Q87_Similar_List:40861,40862,11735,11736,12555,12556,12557,12558,2759,11453,11454,11934,37294,124,125,126,33447,33448
Q88_Similar_List:40893,40187,39366,23520,23521,7244,7245,9045,2584,2746,2747,2748,25366
Q89_Similar_List:40923,39221,10143,21503,17874,17875,17996,17091,13865,21213
Q8_Similar_List:37739,37740,39400,28455,28456,36436,36334,37021,39963,19267,3808
Q90_Similar_List:40989,40990,5471,5472,7375,29642,41959,20029,39201,7551,14236
Q91_Similar_List:41028,9691,9692,16149,15437,15438,28879,28880,11360,11361,26997,39372,39373,27816
Q92_Similar_List:41063,36355,38886,3568,19470,19471,33353,33354,2598,4253,15592
Q93_Similar_List:41107,19440,20922,1187,27443,22913,29604,32239,4070
Q94_Similar_List:41155,41156,15181,15182,32433,32434,15183,15184,22264,22265,16691,15441,15442,3240,3241,16563
Q95_Similar_List:41195,41196,24394,32952,34239,22768,37232,37233,27496,27497,33485,34286
Q96_Similar_List:41236,41237,7123,29945,10092,10093,11067,41348,41349,22467,4120,18184
Q97_Similar_List:41272,41273,38788,38789,38790,38791,38792,38793,41153,41154,7029,7030,33188,33189,22652,22653,26643,32651,39258,39259
Q98_Similar_List:41313,41314,33910,34082,34250,41893,41894,41735,41736,41423,41424,37099,27419
Q99_Similar_List:41350,38577,6342,6343,38884,38562,38563,28013,28014,38052,38053,32161,32162,38394,38395
Q9_Similar_List:37780,37781,35402,35398,42484,26066,26067,25367,40902,28692,35385,35386
