Q0_Similar_List:1006907,277178,44641,1121281,657964,285556
Q10_Similar_List:1075333,1576709,1396160,288741,1498495,808451
Q11_Similar_List:1080235,6766575,676354,6766898,1453318,1490109
Q12_Similar_List:1088880,618379,1063501,1068755,508768,870591
Q13_Similar_List:1094309,1596043,329805,1608388,6712949,580718
Q14_Similar_List:1100793,1526210,1100797,1088831,1258266,1102159
Q15_Similar_List:1106826,1512682,639644,338538,1360593,554472
Q16_Similar_List:1112161,1034874,1379194,1521493,6712350,6676079
Q17_Similar_List:1117798,664118,6778550,6679556,1544932,1186410
Q18_Similar_List:1119612,1290710,6622072,1312883,1390009,1497953
Q19_Similar_List:1125077,181764,972898,561706,237102,200946
Q1_Similar_List:1029968,65967,741792,491830,534751,672653
Q20_Similar_List:1128352,1153137,337025,6764965,6654672,6749059
Q21_Similar_List:113327,666281,260671,173362,377124,28175
Q22_Similar_List:1140538,1217363,630123,530169,1392143,574226
Q23_Similar_List:1142157,6778286,1462922,6729087,6701785,1140460
Q24_Similar_List:1151506,1222758,1522826,6691494,1522848,1380073
Q25_Similar_List:1156442,1076668,1605211,1510621,1230430,1604490
Q26_Similar_List:1161038,678349,687093,1399267,6753403,800976
Q27_Similar_List:1166111,954969,1109436,1456539,295970,794058
Q28_Similar_List:1171913,1060233,1108363,1368526,220073,1413361
Q29_Similar_List:118350,1533569,1596570,643212,119767,632762
Q2_Similar_List:1033402,6693380,6635577,1366889,1473184,1289255
Q30_Similar_List:1187406,1189402,1224466,1168124,1256764,1459712
Q31_Similar_List:1190749,1219677,532447,1463894,340545,607835
Q32_Similar_List:119772,1164603,1456879,256608,515106,1286527
Q33_Similar_List:120259,104709,728262,61087,202386,812983
Q34_Similar_List:1213002,766837,510388,510392,6648701,991416
Q35_Similar_List:1217411,375577,1577375,807181,213568,32439
Q36_Similar_List:1220733,1251102,1122427,1481323,1248104,1261389
Q37_Similar_List:1223660,1515206,663905,1040264,1400112,629471
Q38_Similar_List:1226203,1378499,6647773,1090697,6702801,1053229
Q39_Similar_List:122841,136307,972361,1573511,559930,58305
Q3_Similar_List:103599,351950,367245,957154,6777986,1383660
Q40_Similar_List:1230793,1250129,1269738,1261389,1312245,1379145
Q41_Similar_List:1236762,870102,870591,920343,530875,830370
Q42_Similar_List:1240108,1238670,1318949,539508,622409,808451
Q43_Similar_List:1247456,1111812,1391461,513961,1171169,1472485
Q44_Similar_List:1250027,1250305,1408027,1532144,1407439,1576902
Q45_Similar_List:1258767,354428,206455,741901,1194484,1178175
Q46_Similar_List:1262125,1247980,1487319,1578898,1091584,1432236
Q47_Similar_List:1263870,1453270,959898,1367221,916673,638453
Q48_Similar_List:1272749,6679200,1500721,1542552,1023618,1460198
Q49_Similar_List:1275455,6774106,1376335,164544,1079144,1179223
Q4_Similar_List:1040264,1029142,1029826,1049700,1034661,1028023
Q50_Similar_List:128236,772513,601548,139717,6761971,1306921
Q51_Similar_List:1286026,6719477,609762,6752102,730586,1388146
Q52_Similar_List:1289569,843164,118350,6724706,632762,119767
Q53_Similar_List:1291985,6750826,1441631,563449,6750824,1329921
Q54_Similar_List:1294584,100434,1015623,1163240,1293966,1514070
Q55_Similar_List:1305794,1494765,6610741,908724,1608516,533338
Q56_Similar_List:1309352,1140611,1482780,172521,211032,1288669
Q57_Similar_List:1313376,1082933,1554500,343118,1414554,1292169
Q58_Similar_List:1320290,644348,6658381,597400,691685,1514911
Q59_Similar_List:1329707,304003,1144959,643742,285456,39970
Q5_Similar_List:1043417,360471,1200628,6625547,6732935,1387133
Q60_Similar_List:1335401,1392080,1441257,1431280,640858,280661
Q61_Similar_List:1344804,1401212,309587,724357,1185959,665736
Q62_Similar_List:1353218,371950,500923,660438,6713149,324122
Q63_Similar_List:1358327,1604442,1353308,1596777,1599306,6781428
Q64_Similar_List:1368049,594290,562070,1374991,1196130,1201498
Q65_Similar_List:1376446,232112,1008633,6671332,6681074,6632155
Q66_Similar_List:1377641,522434,1576065,908632,321441,1182987
Q67_Similar_List:1379789,1241607,1132133,1110786,1595279,1575712
Q68_Similar_List:1383396,6681169,1384337,1140210,6680676,6677787
Q69_Similar_List:1387783,254011,1448331,1238062,6747978,484888
Q6_Similar_List:1048317,267948,253550,6632837,1403583,6688937
Q70_Similar_List:1390009,1312883,1535525,1119612,1423619,818109
Q71_Similar_List:1391624,348638,367245,957154,772661,103599
Q72_Similar_List:1394016,6790447,6790449,1307525,1053682,6724310
Q73_Similar_List:1396066,6626832,6719377,858606,484777,1462285
Q74_Similar_List:1398667,1437379,1484638,1063183,1282383,1430821
Q75_Similar_List:1401212,1583976,1384053,1507527,512106,1469566
Q76_Similar_List:1404974,1183406,1188332,343846,714128,1141665
Q77_Similar_List:1407111,1374578,693507,303301,759997,1072156
Q78_Similar_List:1409097,1510813,1215177,370699,720842,1321066
Q79_Similar_List:1411893,497197,507790,568550,660052,1515342
Q7_Similar_List:1056553,1001657,1058339,504665,1084913,1085358
Q80_Similar_List:1418546,707617,1178175,1194484,206455,1302704
Q81_Similar_List:1423088,1473518,971473,1001017,1231968,504214
Q82_Similar_List:1425746,1008529,591823,6777085,493213,274519
Q83_Similar_List:1429458,1425372,490506,1131593,1479573,7761
Q84_Similar_List:1433219,1390931,6694815,1216349,1460430,1400065
Q85_Similar_List:1437074,155483,1435331,6794266,6712258,1380180
Q86_Similar_List:1441002,1446948,288442,1507771,320098,716364
Q87_Similar_List:1444121,1375690,96348,368360,6707392,745361
Q88_Similar_List:1446762,6701925,1405034,1264716,1377039,1112850
Q89_Similar_List:1450557,1486931,1092645,972574,1514141,1502147
Q8_Similar_List:106204,626879,70118,510335,313471,493919
Q90_Similar_List:1453209,1245717,6690241,796060,6717020,1545476
Q91_Similar_List:1457396,1365068,1313541,1126930,820849,392835
Q92_Similar_List:1463486,264624,1526147,979839,489326,590530
Q93_Similar_List:1465812,810895,1489386,1599960,1307971,531396
Q94_Similar_List:1471369,1239694,280936,358153,651210,633795
Q95_Similar_List:1473754,1556030,1308053,788939,6679259,322900
Q96_Similar_List:1477154,1383876,6677787,1401212,1574603,1375553
Q97_Similar_List:1481343,1094831,6669039,6639624,489607,6613272
Q98_Similar_List:1486494,1062444,6731978,1177614,844377,305583
Q99_Similar_List:1489613,593795,1071099,788575,379684,1595723
Q9_Similar_List:1068857,1200962,1556310,1443935,999744,644144
