Q0_Similar_List:1543741,1449370,1573603,1354179,1410220,6719521
Q10_Similar_List:209196,64641,880488,6688396,487405,1331111
Q11_Similar_List:222221,201161,278146,837109,783336,254674
Q12_Similar_List:231800,1049832,1463155,1260428,774491,850785
Q13_Similar_List:238547,760592,1075250,324122,587375,500923
Q14_Similar_List:243051,178740,780718,1268978,981773,1220959
Q15_Similar_List:254031,1513819,1258483,1456539,295970,1486917
Q16_Similar_List:261387,1603663,349175,484736,6751924,6637321
Q17_Similar_List:264000,329805,274519,592939,236062,6760793
Q18_Similar_List:272590,1603663,1118486,6621204,6630172,698246
Q19_Similar_List:277187,1516817,824119,1458432,6762146,212487
Q1_Similar_List:1555595,1052898,1112494,6632469,6636490,6727735
Q20_Similar_List:279513,281160,197936,327505,337168,540291
Q21_Similar_List:282889,1598138,1456879,1444014,1598141,1231022
Q22_Similar_List:287353,488582,1555595,1052898,1112494,6632937
Q23_Similar_List:290654,27951,1025681,672640,205571,131322
Q24_Similar_List:298423,720957,1255373,90739,1462910,730030
Q25_Similar_List:303631,607379,6702807,70139,6639061,1132184
Q26_Similar_List:310160,504566,99452,375481,1177614,622964
Q27_Similar_List:315847,488944,312869,1523043,1402961,318111
Q28_Similar_List:322942,508441,390138,1469566,212783,501128
Q29_Similar_List:327731,732535,219728,1111802,1318444,1506262
Q2_Similar_List:1565127,497913,323005,968210,1318759,707659
Q30_Similar_List:333933,403282,729560,366574,406977,1429374
Q31_Similar_List:342740,1109956,492020,1592636,1426928,1230135
Q32_Similar_List:347737,663740,109371,650318,720691,1188752
Q33_Similar_List:357211,71338,1506294,1421691,1441831,6771564
Q34_Similar_List:363093,493611,280668,534065,368483,486218
Q35_Similar_List:368176,360747,1029410,1295819,537606,543153
Q36_Similar_List:37581,876761,706517,118765,226732,942213
Q37_Similar_List:383065,705861,235147,1357639,1112696,785694
Q38_Similar_List:389956,1079686,1118920,1605102,622511,138479
Q39_Similar_List:393651,1188912,1065442,1509066,1200895,619025
Q3_Similar_List:1570026,1368634,562019,1099297,1190891,1482980
Q40_Similar_List:398617,120826,1539299,1544276,709993,703577
Q41_Similar_List:406115,262617,612304,883345,440318,385803
Q42_Similar_List:44471,496121,1595073,497000,262207,709755
Q43_Similar_List:483370,572701,850574,671881,528568,379524
Q44_Similar_List:488559,687065,1430543,516860,392835,6671735
Q45_Similar_List:494165,360060,383854,111731,89671,1554937
Q46_Similar_List:500923,1129465,1075250,6658000,324122,674612
Q47_Similar_List:505463,1111802,6726882,6717965,6655290,6634785
Q48_Similar_List:508769,7158,548798,49525,194955,1336982
Q49_Similar_List:515685,1335268,1422779,1381026,6727274,1315210
Q4_Similar_List:157611,522205,327505,157575,805034,336386
Q50_Similar_List:520144,1538140,1047318,1469477,1025134,1420075
Q51_Similar_List:524841,835863,103516,302695,682037,338991
Q52_Similar_List:531480,1318706,521717,708902,1242219,547423
Q53_Similar_List:540374,1447038,1080140,973924,1309307,6677673
Q54_Similar_List:550972,1409649,6765942,6790627,1291861,6652915
Q55_Similar_List:557744,621428,6691678,294456,305096,311357
Q56_Similar_List:564050,285199,6681858,1198637,1525243,564083
Q57_Similar_List:569599,554137,551324,550668,549240,554227
Q58_Similar_List:575524,331285,249120,45147,618451,6677653
Q59_Similar_List:590189,1160173,187071,370740,185556,758386
Q5_Similar_List:1595813,1360523,1160949,1486780,1308146,1347034
Q60_Similar_List:59470,1461411,1015257,1198433,1404262,269322
Q61_Similar_List:599782,643636,1313037,6627820,1372170,961134
Q62_Similar_List:607853,607379,619111,825124,1071540,1540002
Q63_Similar_List:611267,556065,618143,508933,549505,648587
Q64_Similar_List:616460,1244370,1139826,76621,240282,1042878
Q65_Similar_List:623595,1016380,1322946,6741959,274854,962839
Q66_Similar_List:627743,965117,585966,709703,667576,332305
Q67_Similar_List:632762,1460480,1500106,1555920,6756708,149226
Q68_Similar_List:636769,950485,1479566,6787761,1517341,321034
Q69_Similar_List:64503,6744956,890579,849046,844377,694414
Q6_Similar_List:1607534,1051081,1551537,1371769,1321066,1071296
Q70_Similar_List:651106,1263202,394566,1550038,846489,329603
Q71_Similar_List:657995,660891,789083,1102213,1425786,635944
Q72_Similar_List:660531,336277,69918,259080,484666,566690
Q73_Similar_List:6612439,1553370,6724707,6736228,1241883,346205
Q74_Similar_List:6615370,1052401,1530392,1313292,6754541,1442160
Q75_Similar_List:6622172,1419172,354553,1096390,1128004,1128594
Q76_Similar_List:6624948,725967,1553698,1179019,1474657,505077
Q77_Similar_List:6628459,39164,569260,1158294,1549724,1521499
Q78_Similar_List:6631649,873644,1488558,1554319,1395155,1201730
Q79_Similar_List:6634562,580753,6634508,6688439,6740679,820935
Q7_Similar_List:173364,173362,1019648,6708061,801495,858726
Q80_Similar_List:6637623,321596,1147430,715789,1425563,568651
Q81_Similar_List:6640893,1226421,987288,1238452,1447971,820900
Q82_Similar_List:6644061,1464156,1408888,1383158,1606095,1035421
Q83_Similar_List:6647355,1548443,998955,1429376,1123824,1328827
Q84_Similar_List:6649670,1433054,385695,522735,1578917,625537
Q85_Similar_List:6654292,611737,1301418,963173,655992,826666
Q86_Similar_List:6655929,1456539,1521493,1570273,820900,915881
Q87_Similar_List:6657841,1105286,1467660,858510,1048343,1522431
Q88_Similar_List:6666687,501769,756402,524300,213094,1011801
Q89_Similar_List:6670073,508238,1436976,1446047,6730100,625369
Q8_Similar_List:186131,969755,799537,1022175,125078,1148598
Q90_Similar_List:6673244,655748,522655,6790713,1505678,1223947
Q91_Similar_List:6674855,876291,732535,759997,6632950,277187
Q92_Similar_List:6676807,1092154,1161947,398617,1539299,1544276
Q93_Similar_List:6679688,391151,6693007,6791666,896421,766837
Q94_Similar_List:6681542,370288,1319504,1475403,1184187,1060612
Q95_Similar_List:6685367,1289347,1576902,6688133,6645864,1469449
Q96_Similar_List:6690850,1261736,691796,6768551,1544858,1308053
Q97_Similar_List:6695232,941388,35626,1570740,1432967,625762
Q98_Similar_List:6699131,1033113,1131382,532447,327794,620419
Q99_Similar_List:6703746,6703741,1430112,1303506,383089,850271
Q9_Similar_List:196916,209723,65967,1128006,27951,91339
