Q0_Similar_List:1008005,1383209,1045487,6702801,582289,1171843
Q10_Similar_List:1076947,6738131,6687825,1076965,1360385,1401212
Q11_Similar_List:1081255,1368634,354315,891073,1099297,802202
Q12_Similar_List:1091157,1318759,1110781,1373667,1158850,1532478
Q13_Similar_List:1096940,817110,1437140,1160078,750466,323739
Q14_Similar_List:1102255,1102218,1093612,1129379,1093300,1094849
Q15_Similar_List:1111051,527235,1401953,365104,1094103,1545476
Q16_Similar_List:1116903,242598,632158,148654,52160,1268368
Q17_Similar_List:1123409,524847,895895,826666,348655,6673871
Q18_Similar_List:1129465,674612,500923,1221189,508768,772909
Q19_Similar_List:1132905,1294807,1410365,277187,6653710,6726882
Q1_Similar_List:1030194,1141275,1197966,1462978,6642705,6739980
Q20_Similar_List:1141653,1377720,1382677,1450103,1477652,623675
Q21_Similar_List:1155242,1379017,6757762,749424,1258743,1601030
Q22_Similar_List:1161939,1476725,916950,481478,1484479,6649324
Q23_Similar_List:1165382,565571,1596208,1598286,537594,1036108
Q24_Similar_List:1172292,6751924,368782,6750505,1142206,1226212
Q25_Similar_List:1183054,1208802,1372784,686981,68859,1226406
Q26_Similar_List:1189404,1198055,1224877,6683254,1488558,1594646
Q27_Similar_List:1197699,1186648,1189326,1214978,1191163,1216438
Q28_Similar_List:1209645,6750850,1577901,6784487,1354973,340969
Q29_Similar_List:1217586,100835,1360546,1198634,1389034,655595
Q2_Similar_List:1032401,6649311,286117,620206,1413349,6785773
Q30_Similar_List:1221363,1334601,1161977,716675,1284646,1334353
Q31_Similar_List:1223901,1386551,6771876,6746230,6672511,1410395
Q32_Similar_List:1228572,6744539,838606,1083419,6737345,1200916
Q33_Similar_List:1231382,1383209,6733496,1387719,1517362,6759561
Q34_Similar_List:1239112,1133451,1262487,520269,1187188,393507
Q35_Similar_List:1246259,1037302,1363988,1546450,6649335,1286527
Q36_Similar_List:125078,1092967,186131,935169,1163095,1414488
Q37_Similar_List:1258743,1163788,1161220,986820,1160201,513104
Q38_Similar_List:1261531,224857,1041173,1275157,114561,6634576
Q39_Similar_List:1268368,1116903,1194829,782056,6726882,242598
Q3_Similar_List:1037776,1037751,1287932,558580,897011,794530
Q40_Similar_List:1274475,11718,1469313,1597028,6736466,6645753
Q41_Similar_List:1283118,1422205,822428,6685533,347222,961331
Q42_Similar_List:1286069,1318609,1375153,6635721,6707098,1435662
Q43_Similar_List:1289814,1560427,1414507,297845,6765299,1251376
Q44_Similar_List:1293076,1541710,1238821,992537,1164425,803779
Q45_Similar_List:1295362,1470903,533338,6635721,6682332,6724623
Q46_Similar_List:1307647,1254332,6640226,819575,6695638,1294440
Q47_Similar_List:1311435,1405147,580616,1403021,141471,1171943
Q48_Similar_List:1317836,1306137,1312366,1421169,1287445,1288305
Q49_Similar_List:1328718,1596903,623515,6700130,321596,6723410
Q4_Similar_List:1041199,1138573,1302663,707617,1384251,538970
Q50_Similar_List:1332924,789362,6680676,1608369,1395763,1399800
Q51_Similar_List:1351769,1473790,1274026,6610249,6774255,994842
Q52_Similar_List:1363776,6648438,1607141,1393326,1163240,527111
Q53_Similar_List:1373092,1405034,1476532,1510461,6742025,1070497
Q54_Similar_List:1376464,1257790,480821,1247364,6786930,719524
Q55_Similar_List:1379477,222112,1447216,20685,278146,1159837
Q56_Similar_List:1383508,319336,1028494,1607026,1160173,238961
Q57_Similar_List:1386842,655899,6735100,1391419,1264703,1550010
Q58_Similar_List:1390800,6689946,622171,1062492,6695429,6638188
Q59_Similar_List:1393444,269359,1290785,1546591,1593383,1473754
Q5_Similar_List:1046042,1291329,687936,6660566,6706235,1579187
Q60_Similar_List:139717,718233,1383967,1555735,6761971,1089578
Q61_Similar_List:1400302,1400263,1458155,6675923,6640940,1390513
Q62_Similar_List:1402760,1376335,6774106,106148,6790543,1409344
Q63_Similar_List:1404913,1122648,1271773,690714,507548,724461
Q64_Similar_List:1408841,1366878,1367067,1486452,1226562,1436408
Q65_Similar_List:1410969,6687459,1420733,201161,1434743,127642
Q66_Similar_List:1419660,947993,6677799,1466517,1466524,1446718
Q67_Similar_List:1422809,1521242,6678497,497282,1008319,1567666
Q68_Similar_List:1428539,6669379,6756589,1390013,1532803,1221509
Q69_Similar_List:1432695,1432666,6648530,1416360,573052,920928
Q6_Similar_List:1050870,1434578,527320,1286364,1186837,1473692
Q70_Similar_List:1435655,1179663,1180537,1405147,1042174,619439
Q71_Similar_List:1441244,1174912,149005,69720,1289653,6689026
Q72_Similar_List:1444406,610487,6723730,721215,609944,632886
Q73_Similar_List:1447981,6674880,1288850,68859,6637547,1481374
Q74_Similar_List:1452238,6702340,1077046,1474704,1517221,574918
Q75_Similar_List:1456144,1048360,6644798,1029044,1483661,1039257
Q76_Similar_List:1460838,6647601,1217583,1483271,1143314,1376912
Q77_Similar_List:1465392,289161,6703115,551356,1110781,6709018
Q78_Similar_List:1469640,1283560,1028225,1460288,1031425,6644083
Q79_Similar_List:1471479,6768774,1163241,1551826,991747,1032291
Q7_Similar_List:1059848,1545971,941515,303301,219728,6726882
Q80_Similar_List:1474078,1352614,1450257,1052522,1473607,1357608
Q81_Similar_List:1480116,526404,1332126,1420733,1090399,1595563
Q82_Similar_List:1483667,989547,1085709,992758,923748,719408
Q83_Similar_List:1486780,1526102,1160275,817807,1377211,963059
Q84_Similar_List:148969,245252,50309,1543285,569152,605220
Q85_Similar_List:1494441,819952,709703,6680514,1365024,1235280
Q86_Similar_List:1500118,1141275,1434597,6693297,777127,1502241
Q87_Similar_List:1503782,316754,6648438,6688439,398115,6672511
Q88_Similar_List:1507560,1111726,1171760,1506585,1028225,6745050
Q89_Similar_List:1510255,1333210,849046,58621,589701,1155368
Q8_Similar_List:1068826,1090026,1053593,1436488,519296,1186916
Q90_Similar_List:1514611,6639824,1078431,6707589,392183,597403
Q91_Similar_List:1517221,750251,6658898,6694188,1568550,1282838
Q92_Similar_List:1519493,6733496,1309028,1594623,6716646,1028225
Q93_Similar_List:152232,307773,1048343,111731,848923,383854
Q94_Similar_List:1525345,1275715,534170,970134,1404190,997925
Q95_Similar_List:1526946,1392030,771321,1524552,1416360,1607534
Q96_Similar_List:1529894,6667605,1057303,1550325,332806,1033765
Q97_Similar_List:1532478,489524,58305,6719073,562006,1438792
Q98_Similar_List:1536999,1476725,1356710,701582,1112522,1285326
Q99_Similar_List:1543081,1437380,1106698,1414152,1534358,1384330
Q9_Similar_List:1073442,257705,1082224,362461,802072,891073
