Q0_Similar_List:6704396,6695927,83076,1585224,1479022
Q10_Similar_List:6747115,1090697,6701925,6681655,6777828
Q11_Similar_List:6750742,1597475,1221106,926524,1361087
Q12_Similar_List:6753376,1358327,125817,763986,1534417
Q13_Similar_List:6755842,6750393,1499323,528701,519750
Q14_Similar_List:675942,884664,1190111,1448447,772114
Q15_Similar_List:6763847,1161481,6751311,6673602,6632673
Q16_Similar_List:6767028,1543285,6724519,6785249,6643641
Q17_Similar_List:6771103,1186817,1216349,1542190,6715005
Q18_Similar_List:6775898,1601087,1090821,6693561,1600152
Q19_Similar_List:6779703,1098297,1095730,1607026,236579
Q1_Similar_List:6718426,1451924,804680,1066665,6689225
Q20_Similar_List:6783523,1197273,1503782,1074465,1152095
Q21_Similar_List:6785829,6708804,900309,6746495,1118560
Q22_Similar_List:6789919,1072990,367031,913196,344134
Q23_Similar_List:68613,104397,6626333,99124,515130
Q24_Similar_List:691209,679414,1374199,686987,1188071
Q25_Similar_List:698752,37581,628009,118765,492273
Q26_Similar_List:708423,14360,1481746,30291,6731618
Q27_Similar_List:716660,515610,516340,1548238,750723
Q28_Similar_List:723002,6765590,1053479,1478712,1429722
Q29_Similar_List:728719,923748,6748431,1227914,6695598
Q2_Similar_List:6721532,6653530,1265427,603488,1520631
Q30_Similar_List:73691,84349,1459838,1603152,700245
Q31_Similar_List:750680,1018724,6642213,1608516,6658898
Q32_Similar_List:756048,1027127,723346,1288703,1027676
Q33_Similar_List:761685,782056,297863,1096657,231777
Q34_Similar_List:764162,1070424,1553698,1432232,1474657
Q35_Similar_List:769032,1375153,6644857,1165307,1287079
Q36_Similar_List:773823,1272801,1187702,1215619,6679726
Q37_Similar_List:78785,1122589,1302789,980608,1037390
Q38_Similar_List:793586,1434578,1457313,1050870,659041
Q39_Similar_List:799829,788256,761987,303705,395319
Q3_Similar_List:6723980,1123910,6757898,1196276,1303506
Q40_Similar_List:807181,6709667,1172582,360764,1524486
Q41_Similar_List:813780,6656221,630147,6732830,537454
Q42_Similar_List:823593,1250567,1550742,726129,1291450
Q43_Similar_List:831016,858116,1594580,724374,761529
Q44_Similar_List:834760,834737,6633353,1099647,160035
Q45_Similar_List:841037,489694,49403,289118,522262
Q46_Similar_List:844014,66292,506602,1337628,303301
Q47_Similar_List:851081,382096,961379,519488,1186410
Q48_Similar_List:857301,1099350,727502,228022,1131726
Q49_Similar_List:867343,863997,1472993,241512,1577640
Q4_Similar_List:6727098,944467,1140210,6695738,758847
Q50_Similar_List:87456,6713823,1542090,6639742,55570
Q51_Similar_List:88064,361258,293163,6609267,1328638
Q52_Similar_List:888422,6713622,524147,841234,1432967
Q53_Similar_List:89352,366689,752957,712109,1194829
Q54_Similar_List:901969,6633399,871922,538137,6724282
Q55_Similar_List:906950,1307134,927047,701784,6764344
Q56_Similar_List:911812,303301,1061658,1051280,569260
Q57_Similar_List:917650,6642000,870806,1263151,6704659
Q58_Similar_List:925686,707487,483750,484736,343846
Q59_Similar_List:930261,125078,930281,943480,1414488
Q5_Similar_List:6730495,960390,1598580,1153717,527320
Q60_Similar_List:938445,504821,122634,6784873,1048632
Q61_Similar_List:940074,6730935,1475070,1554992,1247367
Q62_Similar_List:944494,1236346,1218276,870827,1499829
Q63_Similar_List:947809,1154777,1287645,320934,1356531
Q64_Similar_List:95677,6671294,1554500,1524839,229857
Q65_Similar_List:961366,961379,1106698,1414152,1393934
Q66_Similar_List:970424,344241,6728022,590925,693800
Q67_Similar_List:986473,328127,540132,1030122,508547
Q68_Similar_List:989115,263809,1034707,887324,1542680
Q69_Similar_List:993621,869676,1190111,6689631,725076
Q6_Similar_List:6733071,1400548,6727272,1152915,6699193
Q70_Similar_List:100227,222112,942525,992214,249311
Q71_Similar_List:1008247,1228374,6786617,6695429,6676655
Q72_Similar_List:1010932,6718132,1480080,1011054,6750256
Q73_Similar_List:1014300,55570,751868,6679896,621058
Q74_Similar_List:1025971,6767831,904634,1008319,1408027
Q75_Similar_List:1030104,6771198,6710546,1276379,1551979
Q76_Similar_List:1035188,6633653,769823,6794266,183753
Q77_Similar_List:1040017,1307488,675195,1478655,1376912
Q78_Similar_List:1044542,377124,6677571,1459616,6638025
Q79_Similar_List:1048746,70576,1277284,689588,668431
Q7_Similar_List:6736228,6779271,1308424,6612439,6763901
Q80_Similar_List:1054893,1238062,1321576,788575,1510544
Q81_Similar_List:106410,108429,1156343,1309418,640858
Q82_Similar_List:1073126,1142011,6728318,891073,1251218
Q83_Similar_List:1078757,216348,353626,6687880,1045718
Q84_Similar_List:108496,516338,371082,598409,311647
Q85_Similar_List:1090841,829090,1306921,1599306,1431135
Q86_Similar_List:1095613,932381,1419172,1128004,724314
Q87_Similar_List:1100836,1071353,916136,830191,1094749
Q88_Similar_List:1106407,1465363,512798,512827,1544115
Q89_Similar_List:1113683,1131382,522301,6754654,283655
Q8_Similar_List:6738389,1041173,1216771,6710546,760230
Q90_Similar_List:1122868,106148,676803,1429213,650929
Q91_Similar_List:1130223,1075250,1221189,6756708,6771201
Q92_Similar_List:1139208,1522267,360141,1256869,6704295
Q93_Similar_List:1150714,682662,965856,1464221,503171
Q94_Similar_List:1155982,1222348,1476725,1141463,1140383
Q95_Similar_List:1161401,1294533,824288,1453548,1275443
Q96_Similar_List:1168667,673866,1307477,6721505,1052727
Q97_Similar_List:1182100,1142942,1312498,1059672,6788764
Q98_Similar_List:1187546,1141194,1570273,1390513,1060339
Q99_Similar_List:1195838,441930,986489,788608,962723
Q9_Similar_List:6743358,6742993,6680172,6677412,6706499
