Q0_Similar_List:6643527,1015257,1198433,699571,669257
Q10_Similar_List:6688368,1422130,1378606,1216223,660094
Q11_Similar_List:6690661,6669915,6673622,95507,1141570
Q12_Similar_List:6693021,6667226,1240326,1273346,1011416
Q13_Similar_List:6695531,1417829,563356,1516065,1549728
Q14_Similar_List:6699160,910232,1040521,606723,6755903
Q15_Similar_List:6702148,1125671,1036908,610190,6711066
Q16_Similar_List:6704493,1307422,1358615,6701925,674869
Q17_Similar_List:6707913,562042,559893,559902,109516
Q18_Similar_List:6710438,492198,1473184,6709667,598084
Q19_Similar_List:6712779,1215505,862971,1412596,1376290
Q1_Similar_List:665736,589655,496101,601125,589877
Q20_Similar_List:6715137,1451150,1077109,6609088,6646280
Q21_Similar_List:6716968,1209833,910312,122163,775311
Q22_Similar_List:6719913,219157,219158,219159,282616
Q23_Similar_List:6722884,6755170,1062444,1164425,1454073
Q24_Similar_List:6724618,6716373,739995,1576205,6614887
Q25_Similar_List:6726887,748253,1436262,6693359,6761971
Q26_Similar_List:6730384,485832,328669,59059,1228013
Q27_Similar_List:6732760,792421,6712026,1224464,6677571
Q28_Similar_List:6734653,6785944,1089273,1515537,6720992
Q29_Similar_List:673702,813709,630126,916466,130812
Q2_Similar_List:665973,786560,192192,521595,182452
Q30_Similar_List:673977,1161182,1061986,1382278,1480046
Q31_Similar_List:6742673,568945,947665,6639020,1261815
Q32_Similar_List:6746453,1495954,6684758,1441831,6744791
Q33_Similar_List:6749125,6711003,6666939,611528,1431937
Q34_Similar_List:6752102,1286026,504550,1501432,1181115
Q35_Similar_List:6755595,569978,686635,1120971,1394036
Q36_Similar_List:6758587,1293715,1569026,124595,1190520
Q37_Similar_List:676136,512312,562006,1157158,862833
Q38_Similar_List:6765470,6779271,1481697,1547766,598617
Q39_Similar_List:6768139,6623711,1573072,1335542,6735869
Q3_Similar_List:6667089,21076,1341905,1406259,1579645
Q40_Similar_List:6771526,263047,1186796,1356456,89372
Q41_Similar_List:6774349,6702954,6791768,6792206,6651164
Q42_Similar_List:6778451,6648556,748035,262754,6695531
Q43_Similar_List:6781427,575498,1432246,1429114,607841
Q44_Similar_List:6785442,1374749,1383564,1334353,6695238
Q45_Similar_List:6787822,462693,1163762,1357732,540908
Q46_Similar_List:6790902,793280,6786583,6646565,1437267
Q47_Similar_List:6793456,1162557,1152936,1217415,202243
Q48_Similar_List:681012,1479573,1125343,626704,214177
Q49_Similar_List:68829,401484,6785068,376006,185506
Q4_Similar_List:6669678,772909,6746868,516377,1469477
Q50_Similar_List:691340,6728409,6709667,773635,297633
Q51_Similar_List:697490,834493,499608,566328,759147
Q52_Similar_List:701784,839424,190727,906950,1140611
Q53_Similar_List:71239,716029,371082,349348,528194
Q54_Similar_List:721215,519421,809304,349311,481116
Q55_Similar_List:724325,724038,1219261,1188463,1568351
Q56_Similar_List:729569,543301,392144,724323,314623
Q57_Similar_List:744245,700664,6708132,1596570,559893
Q58_Similar_List:752086,1555691,656578,1556479,6736262
Q59_Similar_List:759627,307902,534601,548668,283554
Q5_Similar_List:6673079,87930,1090697,1207020,6770291
Q60_Similar_List:764824,6713939,6700736,1542882,1467933
Q61_Similar_List:76859,249096,1028581,1490600,345761
Q62_Similar_List:773443,6639120,1524269,1456059,923748
Q63_Similar_List:781128,268199,526646,1105826,6619290
Q64_Similar_List:793229,1453931,6708356,1140268,1412312
Q65_Similar_List:799296,188897,1408898,690466,591658
Q66_Similar_List:808946,1196463,1048195,536903,1304909
Q67_Similar_List:81646,1506989,1533189,1069450,119935
Q68_Similar_List:822293,1593396,1094445,6790713,294695
Q69_Similar_List:831475,1555410,606765,1181088,1051762
Q6_Similar_List:6676318,6743855,1272801,1517547,1177614
Q70_Similar_List:83789,6790713,1068159,1215619,6675965
Q71_Similar_List:842650,59498,1499506,825086,1313489
Q72_Similar_List:848525,1167302,6726589,1375172,97708
Q73_Similar_List:852801,786242,1533426,1402857,292430
Q74_Similar_List:857699,6706104,1186844,1477226,1209928
Q75_Similar_List:863833,857310,1393829,113327,260671
Q76_Similar_List:867621,1261539,641965,1605575,1335542
Q77_Similar_List:870952,757694,6724570,899041,323739
Q78_Similar_List:877542,6698826,691209,1528569,659861
Q79_Similar_List:883474,1596625,6715204,1281798,1607578
Q7_Similar_List:6678280,1427362,1152095,6740588,6779453
Q80_Similar_List:889457,749269,1397446,1102468,1319771
Q81_Similar_List:895063,727457,1048735,6668189,1311061
Q82_Similar_List:901769,6681403,991185,907344,1434743
Q83_Similar_List:907245,1319714,6650641,1091662,1221189
Q84_Similar_List:914134,866240,931147,1364902,1329671
Q85_Similar_List:918917,486079,643440,1121913,872184
Q86_Similar_List:92349,638165,916408,504419,288442
Q87_Similar_List:930289,1488558,6659408,679414,105856
Q88_Similar_List:938444,1547200,688411,1251446,6779718
Q89_Similar_List:940756,864126,940101,756934,304373
Q8_Similar_List:6681074,1376446,232112,1008633,6671332
Q90_Similar_List:945423,640858,579010,1395155,1441257
Q91_Similar_List:949905,6651164,1068159,524464,511664
Q92_Similar_List:959146,818109,6766705,6790479,1189675
Q93_Similar_List:962517,981589,984227,1521833,952383
Q94_Similar_List:972361,122841,574817,1430611,1252251
Q95_Similar_List:980608,1122589,6668908,327912,508423
Q96_Similar_List:988488,259080,522655,1181748,499730
Q97_Similar_List:991949,6722884,890579,1078021,803779
Q98_Similar_List:994688,1080986,1133997,1145610,1134818
Q99_Similar_List:1007504,929425,6702722,868863,768159
Q9_Similar_List:6683693,1574119,1012441,6763289,1441365
