Q0_Similar_List:1006907,277178,44641,1121281,657964
Q10_Similar_List:1075333,1576709,1396160,288741,1498495
Q11_Similar_List:1080235,6766575,676354,6766898,1453318
Q12_Similar_List:1088880,618379,1063501,1068755,508768
Q13_Similar_List:1094309,1596043,329805,1608388,6712949
Q14_Similar_List:1100793,1526210,1100797,1088831,1258266
Q15_Similar_List:1106826,1512682,639644,338538,1360593
Q16_Similar_List:1112161,1034874,1379194,1521493,6712350
Q17_Similar_List:1117798,664118,6778550,6679556,1544932
Q18_Similar_List:1119612,1290710,6622072,1312883,1390009
Q19_Similar_List:1125077,181764,972898,561706,237102
Q1_Similar_List:1029968,65967,741792,491830,534751
Q20_Similar_List:1128352,1153137,337025,6764965,6654672
Q21_Similar_List:113327,666281,260671,173362,377124
Q22_Similar_List:1140538,1217363,630123,530169,1392143
Q23_Similar_List:1142157,6778286,1462922,6729087,6701785
Q24_Similar_List:1151506,1222758,1522826,6691494,1522848
Q25_Similar_List:1156442,1076668,1605211,1510621,1230430
Q26_Similar_List:1161038,678349,687093,1399267,6753403
Q27_Similar_List:1166111,954969,1109436,1456539,295970
Q28_Similar_List:1171913,1060233,1108363,1368526,220073
Q29_Similar_List:118350,1533569,1596570,643212,119767
Q2_Similar_List:1033402,6693380,6635577,1366889,1473184
Q30_Similar_List:1187406,1189402,1224466,1168124,1256764
Q31_Similar_List:1190749,1219677,532447,1463894,340545
Q32_Similar_List:119772,1164603,1456879,256608,515106
Q33_Similar_List:120259,104709,728262,61087,202386
Q34_Similar_List:1213002,766837,510388,510392,6648701
Q35_Similar_List:1217411,375577,1577375,807181,213568
Q36_Similar_List:1220733,1251102,1122427,1481323,1248104
Q37_Similar_List:1223660,1515206,663905,1040264,1400112
Q38_Similar_List:1226203,1378499,6647773,1090697,6702801
Q39_Similar_List:122841,136307,972361,1573511,559930
Q3_Similar_List:103599,351950,367245,957154,6777986
Q40_Similar_List:1230793,1250129,1269738,1261389,1312245
Q41_Similar_List:1236762,870102,870591,920343,530875
Q42_Similar_List:1240108,1238670,1318949,539508,622409
Q43_Similar_List:1247456,1111812,1391461,513961,1171169
Q44_Similar_List:1250027,1250305,1408027,1532144,1407439
Q45_Similar_List:1258767,354428,206455,741901,1194484
Q46_Similar_List:1262125,1247980,1487319,1578898,1091584
Q47_Similar_List:1263870,1453270,959898,1367221,916673
Q48_Similar_List:1272749,6679200,1500721,1542552,1023618
Q49_Similar_List:1275455,6774106,1376335,164544,1079144
Q4_Similar_List:1040264,1029142,1029826,1049700,1034661
Q50_Similar_List:128236,772513,601548,139717,6761971
Q51_Similar_List:1286026,6719477,609762,6752102,730586
Q52_Similar_List:1289569,843164,118350,6724706,632762
Q53_Similar_List:1291985,6750826,1441631,563449,6750824
Q54_Similar_List:1294584,100434,1015623,1163240,1293966
Q55_Similar_List:1305794,1494765,6610741,908724,1608516
Q56_Similar_List:1309352,1140611,1482780,172521,211032
Q57_Similar_List:1313376,1082933,1554500,343118,1414554
Q58_Similar_List:1320290,644348,6658381,597400,691685
Q59_Similar_List:1329707,304003,1144959,643742,285456
Q5_Similar_List:1043417,360471,1200628,6625547,6732935
Q60_Similar_List:1335401,1392080,1441257,1431280,640858
Q61_Similar_List:1344804,1401212,309587,724357,1185959
Q62_Similar_List:1353218,371950,500923,660438,6713149
Q63_Similar_List:1358327,1604442,1353308,1596777,1599306
Q64_Similar_List:1368049,594290,562070,1374991,1196130
Q65_Similar_List:1376446,232112,1008633,6671332,6681074
Q66_Similar_List:1377641,522434,1576065,908632,321441
Q67_Similar_List:1379789,1241607,1132133,1110786,1595279
Q68_Similar_List:1383396,6681169,1384337,1140210,6680676
Q69_Similar_List:1387783,254011,1448331,1238062,6747978
Q6_Similar_List:1048317,267948,253550,6632837,1403583
Q70_Similar_List:1390009,1312883,1535525,1119612,1423619
Q71_Similar_List:1391624,348638,367245,957154,772661
Q72_Similar_List:1394016,6790447,6790449,1307525,1053682
Q73_Similar_List:1396066,6626832,6719377,858606,484777
Q74_Similar_List:1398667,1437379,1484638,1063183,1282383
Q75_Similar_List:1401212,1583976,1384053,1507527,512106
Q76_Similar_List:1404974,1183406,1188332,343846,714128
Q77_Similar_List:1407111,1374578,693507,303301,759997
Q78_Similar_List:1409097,1510813,1215177,370699,720842
Q79_Similar_List:1411893,497197,507790,568550,660052
Q7_Similar_List:1056553,1001657,1058339,504665,1084913
Q80_Similar_List:1418546,707617,1178175,1194484,206455
Q81_Similar_List:1423088,1473518,971473,1001017,1231968
Q82_Similar_List:1425746,1008529,591823,6777085,493213
Q83_Similar_List:1429458,1425372,490506,1131593,1479573
Q84_Similar_List:1433219,1390931,6694815,1216349,1460430
Q85_Similar_List:1437074,155483,1435331,6794266,6712258
Q86_Similar_List:1441002,1446948,288442,1507771,320098
Q87_Similar_List:1444121,1375690,96348,368360,6707392
Q88_Similar_List:1446762,6701925,1405034,1264716,1377039
Q89_Similar_List:1450557,1486931,1092645,972574,1514141
Q8_Similar_List:106204,626879,70118,510335,313471
Q90_Similar_List:1453209,1245717,6690241,796060,6717020
Q91_Similar_List:1457396,1365068,1313541,1126930,820849
Q92_Similar_List:1463486,264624,1526147,979839,489326
Q93_Similar_List:1465812,810895,1489386,1599960,1307971
Q94_Similar_List:1471369,1239694,280936,358153,651210
Q95_Similar_List:1473754,1556030,1308053,788939,6679259
Q96_Similar_List:1477154,1383876,6677787,1401212,1574603
Q97_Similar_List:1481343,1094831,6669039,6639624,489607
Q98_Similar_List:1486494,1062444,6731978,1177614,844377
Q99_Similar_List:1489613,593795,1071099,788575,379684
Q9_Similar_List:1068857,1200962,1556310,1443935,999744
