Q0_Similar_List:490299,1532509,568799,6789769,1423866
Q10_Similar_List:583685,1450090,1088760,1153405,6728079
Q11_Similar_List:592009,1379194,6635577,245518,6636490
Q12_Similar_List:596148,1337335,507347,1256869,360141
Q13_Similar_List:600605,221191,1373948,1580284,172880
Q14_Similar_List:60718,30511,95504,243581,554522
Q15_Similar_List:612094,6668189,179131,259996,727457
Q16_Similar_List:615889,700662,19502,1435505,365955
Q17_Similar_List:621245,1394284,374844,6688925,600437
Q18_Similar_List:627319,330233,1542869,512106,1329833
Q19_Similar_List:635583,1048443,1229720,1221175,1264449
Q1_Similar_List:517631,607632,617726,576668,485748
Q20_Similar_List:640465,580570,6719720,662397,809375
Q21_Similar_List:645873,1555595,1172390,592009,6727735
Q22_Similar_List:650929,853054,1421056,691600,106148
Q23_Similar_List:658631,298525,656578,1522791,1448421
Q24_Similar_List:6610069,784382,222880,6770869,784383
Q25_Similar_List:6613677,1121039,6655693,940893,397061
Q26_Similar_List:6621968,563863,1029187,1431931,6650837
Q27_Similar_List:6624997,1526469,898850,1308311,940575
Q28_Similar_List:6628944,329354,222738,6693511,6696825
Q29_Similar_List:6632403,94965,103034,1565042,758216
Q2_Similar_List:522215,938024,194051,205714,32349
Q30_Similar_List:6636022,1408141,1345274,1094448,6757991
Q31_Similar_List:663910,312620,493944,1249851,662350
Q32_Similar_List:6644037,625369,892439,1353022,571150
Q33_Similar_List:664686,505423,357592,449600,230040
Q34_Similar_List:6649566,6705477,1238062,726952,1054893
Q35_Similar_List:6654054,728052,345982,917444,1311070
Q36_Similar_List:6657349,1437140,817110,1576500,1466528
Q37_Similar_List:6659408,1293374,1374199,930289,1511770
Q38_Similar_List:6665989,1505025,1455341,1238750,6785974
Q39_Similar_List:6671406,537617,902990,1528685,6764848
Q3_Similar_List:531396,689741,1599960,830191,1223160
Q40_Similar_List:6673990,1577583,1420733,1577640,1606130
Q41_Similar_List:6676461,552729,1527372,536665,1287334
Q42_Similar_List:6677991,219713,65210,6764105,744922
Q43_Similar_List:6681531,6645553,1505678,6725567,6790713
Q44_Similar_List:6684531,720889,6689809,6761676,1008895
Q45_Similar_List:6690712,1376387,6708407,999499,6679328
Q46_Similar_List:6694594,1511594,749196,1359936,1434597
Q47_Similar_List:6697826,1121039,1422099,6613677,6770376
Q48_Similar_List:6701680,1474510,618451,6731103,1071353
Q49_Similar_List:6706235,1068395,666281,6660566,894058
Q4_Similar_List:539563,539549,6693402,327392,950718
Q50_Similar_List:6709503,1075619,6637685,6747422,1381026
Q51_Similar_List:6713363,653247,1164631,1548453,259121
Q52_Similar_List:6716453,1487150,834490,1604293,691100
Q53_Similar_List:6719099,1335542,385714,624528,6776187
Q54_Similar_List:6721087,6723708,863218,857723,1465658
Q55_Similar_List:6724221,6759871,6636043,6720975,6738711
Q56_Similar_List:6727724,1518192,1494976,349523,330833
Q57_Similar_List:6732316,1481323,1261389,1012458,1379145
Q58_Similar_List:6735100,1358738,484003,751363,6675748
Q59_Similar_List:6740022,1219677,6757898,798241,1190749
Q5_Similar_List:547800,1143592,607637,821560,6629592
Q60_Similar_List:6744105,1579169,1131450,6624419,6624758
Q61_Similar_List:6746571,6746569,6746737,1307963,1413120
Q62_Similar_List:6750720,1048320,1477563,1486739,966155
Q63_Similar_List:6754498,1076465,1480874,1489805,536133
Q64_Similar_List:6757866,1399398,1160277,6746385,6764105
Q65_Similar_List:6763742,6700620,807870,812591,579887
Q66_Similar_List:676748,664696,687900,663740,650318
Q67_Similar_List:6772140,1089043,6704897,1307353,1357732
Q68_Similar_List:6776423,6726419,1501185,973659,1454593
Q69_Similar_List:6781188,889796,726150,1463174,243417
Q6_Similar_List:55519,822857,523526,1010325,1383136
Q70_Similar_List:6786599,1531244,1536651,1333737,1441257
Q71_Similar_List:6789786,1569924,564202,1464056,622491
Q72_Similar_List:67940,1578589,1520015,826150,6658898
Q73_Similar_List:690427,1569767,342953,340608,675527
Q74_Similar_List:70093,484736,6621204,707487,919771
Q75_Similar_List:714257,735219,752957,671521,837109
Q76_Similar_List:722215,1101865,323659,1040264,121926
Q77_Similar_List:728429,1244474,361051,1478110,1338747
Q78_Similar_List:735934,535021,707206,538970,1397169
Q79_Similar_List:748658,347113,116453,821538,6681823
Q7_Similar_List:560317,509034,773796,341864,851565
Q80_Similar_List:75604,544326,6630527,563452,237572
Q81_Similar_List:76258,203945,297076,507347,245749
Q82_Similar_List:76778,120536,906811,251648,324797
Q83_Similar_List:771906,728865,1278583,1191548,1117123
Q84_Similar_List:786256,539424,677450,536568,279007
Q85_Similar_List:797748,929602,388472,1030605,326949
Q86_Similar_List:808008,836563,1152158,963044,103710
Q87_Similar_List:818891,659876,592128,812849,870819
Q88_Similar_List:824307,568689,6776491,608054,309848
Q89_Similar_List:837196,6610741,1389364,1118325,452769
Q8_Similar_List:56914,141789,1017862,825086,65385
Q90_Similar_List:843590,849023,1044689,619830,655188
Q91_Similar_List:850976,6748476,6674191,607498,580249
Q92_Similar_List:855335,896475,151706,905447,224857
Q93_Similar_List:858835,701145,622596,739995,620733
Q94_Similar_List:868808,1583066,822728,1170449,720422
Q95_Similar_List:876922,329037,1608224,1607410,1081879
Q96_Similar_List:889897,206970,622348,6675965,798145
Q97_Similar_List:896358,6650273,896319,153240,1241188
Q98_Similar_List:904126,1033383,304568,1607200,205551
Q99_Similar_List:908580,701489,77658,671144,80467
Q9_Similar_List:578178,493937,203968,493944,582583
