Q0_Similar_List:16745,3831,16971,2736,15494,9606
Q10_Similar_List:17371,17372,8378,8379,22967,22968,31043,38566,35381
Q11_Similar_List:17406,17344,17345,5769,5770,22737,22419,17544
Q12_Similar_List:17438,17439,12873,12874,26681,26682,26683,26684,14347,14348,22396,41901,41902
Q13_Similar_List:17467,17468,22264,22265,13047,17998,17999,19480,18884,18885
Q14_Similar_List:17497,17286,17287,11190,14407,23581,14048
Q15_Similar_List:17542,17543,27065,2017,3918,3919,5929,4282
Q16_Similar_List:17574,17575,17576,17577,27691,18160,18161,38548,38549,38550,21372,39792
Q17_Similar_List:17603,6155,37605,19523,27950,27951,40788
Q18_Similar_List:17632,17633,27691,34232,34233,30445,39736,21951,21952
Q19_Similar_List:17668,36734,11426,15962,31733,17380,17381
Q1_Similar_List:16875,16876,33918,768,769,20209,39784,21114,21115
Q20_Similar_List:17696,28176,17340,18018,37982,29540
Q21_Similar_List:17727,17728,27648,26640,26641,3749,27649,14164,14165
Q22_Similar_List:17762,17763,7031,7032,16875,16876,33918,768,769,8717
Q23_Similar_List:17793,17794,28162,28163,23792,21096,27847,35307,35308
Q24_Similar_List:17831,17832,22059,14327,23143,23144,4001,22136
Q25_Similar_List:17871,17872,8054,8055,9393,41157,41158,30613,24474
Q26_Similar_List:17912,18922,23656,23657,18334,1264,19743
Q27_Similar_List:17945,17946,29167,29168,28361,28362,16564,35850,17955,17956
Q28_Similar_List:17986,7204,18468,18469,26739,26740,27871,38654
Q29_Similar_List:18019,22156,17397,13286,13287,14773,16390,16391,16392
Q2_Similar_List:16898,18868,18869,6095,6096,23525,14780,21994
Q30_Similar_List:18068,18069,6879,6880,41297,41298,41299,41300,28693,18696,18697,18698,15621,15622
Q31_Similar_List:18111,13257,29195,37179,3530,14148
Q32_Similar_List:18154,18155,8753,34099,34100,30305,41229,41230,13835
Q33_Similar_List:18205,22011,22012,36666,15562,15768,15769,40872
Q34_Similar_List:18245,18836,5801,7453,7454,28713,38560
Q35_Similar_List:18293,6391,33734,35218,19178,29557
Q36_Similar_List:18335,18336,22939,21992,1365,5539,42279
Q37_Similar_List:18390,18391,21989,17454,14988,13301,22422
Q38_Similar_List:18457,18458,13091,13092,823,17208,19742,35700,35701
Q39_Similar_List:18522,18523,18524,18525,18526,18527,18528,18529,18530,18531,18532,1380,1381,1382,1383,471,472,27035,27036,27037,13932,13933,19718,19719
Q3_Similar_List:16926,25935,25936,29694,29695,24276,24815,24816,36516
Q40_Similar_List:18599,18600,34686,36899,36926,36927,41178,21985
Q41_Similar_List:18686,28071,30026,42026,38512,18429
Q42_Similar_List:18722,18723,18856,37203,7118,7119,7120,17590,17591,22002
Q43_Similar_List:18756,7834,22811,9599,38822,6543,6544
Q44_Similar_List:18791,21875,21876,36078,36079,7306,6692,6693,30898
Q45_Similar_List:18844,18226,18405,18406,13319,13320,11898,16869,16870
Q46_Similar_List:18884,18885,13411,13412,13047,20480,17998,17999,21314,21315
Q47_Similar_List:18932,18933,13286,13287,21105,9592,9593,8955,8956,39775
Q48_Similar_List:18967,22024,22025,19237,19238,18849,17335,14895,14896
Q49_Similar_List:19005,14894,15574,15164,40520,2495
Q4_Similar_List:16997,16998,19072,18018,27503,11308,18082
Q50_Similar_List:19048,19049,16710,12847,12848,4086,12622,15543
Q51_Similar_List:19095,22733,22734,12730,37813,41054,28509,28510
Q52_Similar_List:19146,19147,14777,7348,22000,22001,34924,7565
Q53_Similar_List:19193,19194,15846,15847,13100,12366,14699,14700,14701,20631
Q54_Similar_List:19252,3370,40825,40826,32004,32005,2315,8928
Q55_Similar_List:19299,19300,19738,9270,17801,5986,28350
Q56_Similar_List:19347,19348,37704,37705,20676,24855,36813,39044,39045
Q57_Similar_List:19389,29636,19255,38975,7587,7643
Q58_Similar_List:19440,28459,27997,18727,18728,30091,30965,30966
Q59_Similar_List:19490,19491,19492,19493,19494,19495,19496,1130,1131,27798,27799,28737,28738,28739,28740,17305,17306,32389,32390
Q5_Similar_List:17108,2813,1140,16247,14689,14690,35472
Q60_Similar_List:19534,19535,26671,26672,33679,33680,1458,3277,3278,5721,5722
Q61_Similar_List:19570,19891,19892,14750,30505,2888,42353,42354
Q62_Similar_List:19625,19626,8054,8055,8151,8152,22652,22653,517,518,36903
Q63_Similar_List:19667,19668,19277,19278,39337,7215,29604,8389
Q64_Similar_List:19702,34930,965,32447,17486,33831
Q65_Similar_List:19751,19752,97,25676,21265,28109,28110,33464
Q66_Similar_List:19787,33471,7901,32146,40092,28468
Q67_Similar_List:19822,19823,26661,26662,16352,16879,10038,10039,4335,4336
Q68_Similar_List:19862,12240,4182,10420,27098,6074
Q69_Similar_List:19900,21304,23031,11573,41865,41866,10632
Q6_Similar_List:17230,33906,4922,35584,35585,2541,514
Q70_Similar_List:19934,14384,14385,38363,16829,22793,37943,37944
Q71_Similar_List:19973,39594,22433,24314,26374,30197
Q72_Similar_List:19998,6193,10680,10681,28039,28040,18765,18766,7745
Q73_Similar_List:20044,16858,21089,21213,25177,28569
Q74_Similar_List:20077,397,16653,35309,21403,26509
Q75_Similar_List:20103,15536,18187,668,900,901,24446
Q76_Similar_List:20135,32227,37010,13739,13740,13741,13742,13743,4132,18927
Q77_Similar_List:20170,18485,18486,19387,13585,16826,16551
Q78_Similar_List:20201,22930,26912,26913,16864,26137,1502
Q79_Similar_List:20228,29793,20227,40181,40182,21259,21260,11400
Q7_Similar_List:17278,5406,33688,9455,11301,11645
Q80_Similar_List:20252,28393,28394,34375,10750,3510,19378
Q81_Similar_List:20285,14106,33541,14214,15854,15855,32708
Q82_Similar_List:20318,4016,15477,15478,26044,37286,233
Q83_Similar_List:20358,27328,27329,27330,42509,3562,13371,25688
Q84_Similar_List:20396,15674,18424,18425,7355,27537,27538,39382,39383
Q85_Similar_List:20435,8086,2372,33466,39573,22656,22657
Q86_Similar_List:20454,20455,3918,3919,4628,4629,16930,32708,23193
Q87_Similar_List:20478,13250,26722,22857,12851,16558,16559
Q88_Similar_List:20512,29250,11001,38788,38789,38790,38791,38792,38793,17383,17384,33665,33666
Q89_Similar_List:20541,20542,38694,38695,3648,26548,40545,8229,8230,8231
Q8_Similar_List:17307,23526,11286,12613,14295,14296,13515
Q90_Similar_List:20574,30336,30337,19077,19078,41014,4462,4463,1692,1693
Q91_Similar_List:20596,20597,42006,22156,22256,22257,8718,17668
Q92_Similar_List:20626,13158,13159,13628,13629,18599,18600,36899,36926,36927
Q93_Similar_List:20648,38333,38334,38335,9282,21840,21841,23083,11095
Q94_Similar_List:20674,20675,6463,14786,4141,1319,24044
Q95_Similar_List:20717,2287,5094,20722,20723,30686,4085
Q96_Similar_List:20752,2054,10613,31789,4822,25565
Q97_Similar_List:20782,20783,33325,28631,28632,28633,5041,5042,15671,19768
Q98_Similar_List:20821,20822,12720,34323,19151,19152,18021,39361
Q99_Similar_List:20861,31182,26423,35231,6581,32856
Q9_Similar_List:17339,17375,30352,30353,30354,24442,28162,28163,33182,33183
