Q0_Similar_List:33187,32102,10111,34914,34915,7928,6135
Q10_Similar_List:33688,4002,11301,17278,2017,40453,40454
Q11_Similar_List:33721,14766,27342,21106,22089,22090,34237
Q12_Similar_List:33765,33766,33767,33768,34091,34092,33758,14578,31862,33626,33627
Q13_Similar_List:33798,39783,36448,2671,41079,41080,696
Q14_Similar_List:33836,35683,21306,39883,39884,15195,2902
Q15_Similar_List:33882,33883,23471,25816,8686,27356,16119
Q16_Similar_List:33915,23208,23209,33690,33691,13022,13023,35345,20829
Q17_Similar_List:33959,33960,15958,15959,37379,41166,41167,37625,37626,35490
Q18_Similar_List:34002,38605,41311,39065,39066,40126,38874
Q19_Similar_List:34047,23875,23876,23968,23969,25630,41800,4347
Q1_Similar_List:33373,33374,2307,2308,26431,26432,23310,23311,38796,40777
Q20_Similar_List:34095,34096,24358,24359,3468,8229,8230,8231,2710,37133
Q21_Similar_List:34146,34147,24044,36166,36167,14609,17651,17652,26470,26471
Q22_Similar_List:34188,10725,28657,28488,41330,33414,33415
Q23_Similar_List:34232,34233,26116,26117,27691,17983,30445,9865
Q24_Similar_List:34273,34274,27813,27814,730,731,12190,12191,30352,30353,30354,27848,27849
Q25_Similar_List:34302,34303,1453,4699,1502,25601,2899
Q26_Similar_List:34346,34347,39630,39631,34128,36642,36643,37911,37912,41843
Q27_Similar_List:34384,25419,31075,4417,15381,35195
Q28_Similar_List:34438,41595,37427,40290,34612,34613,42054,42055
Q29_Similar_List:34497,34165,10927,10928,18191,18192,37748,36387
Q2_Similar_List:33410,33411,33412,29974,29975,5987,5988,2815,19046,8211,8212
Q30_Similar_List:34549,41185,31123,24106,32930,4709,4710
Q31_Similar_List:34615,40943,13697,21286,22764,12892
Q32_Similar_List:34646,2972,3559,9065,3624,5073
Q33_Similar_List:34696,34697,34637,36201,36202,29179,29180,25433,32156,32157
Q34_Similar_List:34741,34742,34830,38629,38630,14268,40719,38683,38684
Q35_Similar_List:34783,40616,22439,22440,584,36627,16424
Q36_Similar_List:34818,34819,24989,22184,36290,35571,35573
Q37_Similar_List:34855,2973,2974,26788,36178,36179,16634,40516
Q38_Similar_List:34892,29275,14372,24543,2814,24690
Q39_Similar_List:34929,34923,8233,8234,40753,38457,8229,8230,8231
Q3_Similar_List:33443,33444,30452,1525,16127,25650,27399,27400
Q40_Similar_List:34956,34957,41889,9211,41448,39539,39540,25419
Q41_Similar_List:35001,35002,10729,10730,10731,10745,10746,10747,469,15688,15689
Q42_Similar_List:35028,39368,39369,35140,41558,36358,36359,5033
Q43_Similar_List:35078,14636,15706,15707,15708,31877,25700,9492
Q44_Similar_List:35114,35115,2194,36339,36340,42422,5931,33872,33873
Q45_Similar_List:35148,1692,1693,5501,5502,11960,11961,11845,11846,17931,17932
Q46_Similar_List:35189,14602,2006,20279,12134,35882
Q47_Similar_List:35224,35225,40758,19524,41767,38777,35084
Q48_Similar_List:35271,41764,33279,33280,22675,22676,26785,26786,25766
Q49_Similar_List:35357,35358,35359,4700,27861,27862,16111,11382,39709
Q4_Similar_List:33483,33484,7755,7756,7757,28379,6335,39319,7634
Q50_Similar_List:35413,35414,35415,40078,35170,8848,41549,27521
Q51_Similar_List:35457,35458,38128,38129,13374,20126,39689,40110
Q52_Similar_List:35502,35091,34802,24984,34628,25111,25112
Q53_Similar_List:35606,35607,17180,26090,26971,1202,37392,37393
Q54_Similar_List:35652,11400,25623,17226,34476,34477,15017,15018
Q55_Similar_List:35689,27326,27327,24383,24384,1073,11676,1101
Q56_Similar_List:35727,35728,8178,8179,5197,8128,8129,14392,2475,2476
Q57_Similar_List:35752,2966,25664,6078,19084,21113
Q58_Similar_List:35779,35780,35781,14041,6067,6068,14269,13587,31648
Q59_Similar_List:35804,36448,39783,5690,36131,36132,37642
Q5_Similar_List:33546,26673,27281,23917,23918,4637,4638,24756,24757
Q60_Similar_List:35837,35838,32175,32176,20372,20373,41643,41644,24893,28375,28376
Q61_Similar_List:35878,35879,34200,3268,4056,35240,35241,41991,41992
Q62_Similar_List:35912,30548,24759,20379,20380,26215,14463,14464
Q63_Similar_List:35945,3879,3880,26587,26588,26589,37213,21855,40819
Q64_Similar_List:35979,35814,7113,15518,14274,35495
Q65_Similar_List:36019,41046,40522,30553,39877,41089
Q66_Similar_List:36058,29540,22322,27503,5434,38512
Q67_Similar_List:36104,26215,20379,20380,8766,24354,3705,3706
Q68_Similar_List:36166,36167,12616,2680,24069,35312,7509
Q69_Similar_List:36218,15920,1846,1847,3487,23025,23026,6258,6259
Q6_Similar_List:33571,27095,13009,40249,8728,38178
Q70_Similar_List:36259,36260,4166,35659,4485,26376,39735
Q71_Similar_List:36315,17630,16846,16847,40670,40671,1168,39991
Q72_Similar_List:36364,33466,4008,27200,16523,12514
Q73_Similar_List:36402,28378,38086,35986,37712,37713,32217,32218
Q74_Similar_List:36422,16476,16060,35638,12356,20984
Q75_Similar_List:36452,39020,13355,4132,7390,8728
Q76_Similar_List:36485,36486,36487,32040,29452,1998,33778,38995,38996
Q77_Similar_List:36518,24528,21728,24981,7853,20775
Q78_Similar_List:36549,34706,32217,32218,40849,23783,23784,28512
Q79_Similar_List:36591,30847,9277,30059,36503,40678
Q7_Similar_List:33606,30719,29466,41662,23087,23088,23241,23242
Q80_Similar_List:36628,36629,36630,36266,36267,33256,33257,39756,39757,34163,34164
Q81_Similar_List:36659,35684,35687,38751,38752,38753,14326,30899
Q82_Similar_List:36692,42050,42051,34414,34415,36026,39799,39800
Q83_Similar_List:36727,36728,34379,14895,14896,23291,32579,32580,17882
Q84_Similar_List:36755,36756,1522,39627,40596,40597,8065,40147
Q85_Similar_List:36781,1034,39272,9774,9775,2063,2064,23984
Q86_Similar_List:36807,36808,36809,39272,11758,40856,415,31115
Q87_Similar_List:36832,7804,7805,14369,33266,1985,1178
Q88_Similar_List:36861,32217,32218,35363,35364,27985,27986,27987,8994,37361,37362,37363
Q89_Similar_List:36891,36892,25680,5234,34228,36310,36311,36312,36313,36314,13748
Q8_Similar_List:33635,40412,40413,38721,2966,27309,27310,3558
Q90_Similar_List:36920,36921,3627,3628,16829,260,22304,22305,4625
Q91_Similar_List:36947,36948,15080,41014,8475,8476,8477,8478,25260,19077,19078
Q92_Similar_List:36975,16252,10588,6180,6181,1817,34843,34844
Q93_Similar_List:36996,36997,19650,19651,31628,8905,19782,19783,21586
Q94_Similar_List:37022,37023,19739,19740,39043,25491,35293,39973
Q95_Similar_List:37042,36783,36784,11010,11011,41251,41252,27337,27338,37302,37303
Q96_Similar_List:37062,10902,23689,23690,34338,32455,301
Q97_Similar_List:37122,37123,8249,21265,22384,15481,4073
Q98_Similar_List:37302,37303,27722,40587,11362,11363,41095,33453,33454,33455,33456,33457
Q99_Similar_List:37344,37345,35002,10729,10730,10731,10745,10746,10747,35001,33847,33848
Q9_Similar_List:33661,42393,42394,34159,41674,41675,9239,37203
