Q0_Similar_List:4441,4442,10873,34289,9048,11225,10864
Q10_Similar_List:4880,953,8173,37332,11160,11161,21139
Q11_Similar_List:4905,4906,4700,4726,4888,4245,4733
Q12_Similar_List:4928,4929,9183,12254,37281,24785,10583
Q13_Similar_List:4959,4960,36350,36351,13347,21603,7379,9663
Q14_Similar_List:4982,2805,685,21007,33156,7360
Q15_Similar_List:5019,5020,5199,30358,30359,4708,4419,4766
Q16_Similar_List:5061,5062,26476,19772,24838,16143,31532
Q17_Similar_List:5204,3115,1418,9670,9671,10457,10458,14685
Q18_Similar_List:5365,5366,17365,17366,27254,24117,24118,24119,12323,12324,12325,20669,20670
Q19_Similar_List:5406,41534,29523,29524,30835,30836,11350,17278
Q1_Similar_List:4601,14908,25362,34470,7864,2173
Q20_Similar_List:5449,2106,2107,12489,12490,7039,7040,538,3978
Q21_Similar_List:5491,10640,10641,31888,4939,4940,11158,40433
Q22_Similar_List:5524,33370,3273,27386,11882,11883,26343
Q23_Similar_List:5557,5558,37879,38179,38180,9111,12294,12295,24115
Q24_Similar_List:5592,5593,27719,23093,23094,6109,6110,19815,19816,2956
Q25_Similar_List:5627,5628,32141,32142,4861,8430,8431,8432,3403,32708
Q26_Similar_List:5660,22266,17276,17277,37902,11534,25918
Q27_Similar_List:5692,5693,19885,19886,34926,34927,25154,19529,27746
Q28_Similar_List:5726,5727,6362,12663,12664,36159,36160,39340,40788
Q29_Similar_List:5755,5756,15466,5438,5439,5440,21899,7951,7952,38704,38705
Q2_Similar_List:4640,25590,15465,27169,16576,16577,22429
Q30_Similar_List:5793,6272,17739,17740,18681,19617,7281
Q31_Similar_List:5823,5824,9778,2358,14253,14254,14255,14256,38931,38932,9275
Q32_Similar_List:5854,37697,37698,5853,5876,26490,26491,29207,29208
Q33_Similar_List:5885,24598,35320,35321,6100,7123,36576,36577
Q34_Similar_List:5922,5923,10898,4464,4358,8251
Q35_Similar_List:5949,5950,41455,41456,41457,9192,10982,10983,39039,39040,2243,2244
Q36_Similar_List:5979,19007,5637,12800,5644,16284
Q37_Similar_List:6019,36556,7782,19885,19886,41967,12854
Q38_Similar_List:6064,6065,33425,33426,33427,22139,2320,10879,5149,5150,5151
Q39_Similar_List:6101,2325,2326,7333,25400,11875,11876,25230
Q3_Similar_List:4669,9106,23999,4021,36598,6934,6935
Q40_Similar_List:6141,6142,38824,38825,1442,585,10764,10765,14054
Q41_Similar_List:6168,8209,2510,1870,1871,1906,19788
Q42_Similar_List:6215,6216,727,956,957,4535,27643,29640
Q43_Similar_List:6258,6259,1304,1305,41247,40625,40626,40627,24691,24692,41246
Q44_Similar_List:6298,7183,19470,19471,7256,7257,7370,7371,5827
Q45_Similar_List:6344,6345,32171,23971,23600,42213,7668,7669
Q46_Similar_List:6393,6394,2912,29415,29416,34624,21096,27847
Q47_Similar_List:6446,2905,2491,6451,11287,11288,1867,1868
Q48_Similar_List:6493,6494,13411,13412,2820,1655,18776,22264,22265
Q49_Similar_List:6538,6539,27392,19180,19181,7150,5995,18715
Q4_Similar_List:4698,15494,26286,36854,36855,4522,4523,4157
Q50_Similar_List:6588,6589,36654,37922,15741,31897,38566
Q51_Similar_List:6650,6651,6648,9637,37741,239,14361,14362
Q52_Similar_List:6715,6716,23726,32942,5779,14784,40075
Q53_Similar_List:6795,12804,12805,7505,38727,38728,14384,14385,37003
Q54_Similar_List:6861,6862,7823,12177,12178,12054,13091,13092,8835
Q55_Similar_List:6944,12359,31955,8415,24744,5617
Q56_Similar_List:6977,6978,8715,9432,37232,37233,1717,6921,6922
Q57_Similar_List:7026,6195,6339,38163,32622,37443
Q58_Similar_List:7067,7068,7069,37995,37996,37515,37516,40442,25635,25636,32155
Q59_Similar_List:7114,7115,27058,8325,6074,2908,35316
Q5_Similar_List:4726,4905,4906,4700,4888,4733,4602
Q60_Similar_List:7155,30058,402,605,1487,11645
Q61_Similar_List:7200,7201,8053,21083,11719,921,922,6404,6405
Q62_Similar_List:7239,7139,7140,29349,16733,13439,13440,22543
Q63_Similar_List:7271,7272,37853,29961,29276,38654,18987,18988
Q64_Similar_List:7310,7311,5561,11560,11561,7233,27106,2238
Q65_Similar_List:7361,7362,12372,16491,11199,28990,28991,4305,4306
Q66_Similar_List:7416,7417,31751,13608,13609,24003,16224,35986
Q67_Similar_List:7470,7471,6094,40670,40671,1060,21917,21918,549
Q68_Similar_List:7537,7538,19846,30390,37553,42469,35712
Q69_Similar_List:7592,8877,10936,2391,2544,41939
Q6_Similar_List:4751,4752,41074,15650,2795,32617,36518
Q70_Similar_List:7636,33464,9926,8750,8751,97,13713
Q71_Similar_List:7666,26760,23363,12931,12932,7647,27643
Q72_Similar_List:7720,7721,6305,6306,6307,6308,11360,11361,10893,10894,7526,7527,5685,5686
Q73_Similar_List:7768,7769,13266,17997,25653,7256,7257,19337,19338
Q74_Similar_List:7830,7831,17955,17956,27519,24201,13087,13088,20244
Q75_Similar_List:7876,29714,6943,38871,7922,41348,41349
Q76_Similar_List:7924,6232,30643,30644,37160,37161,23389,3545
Q77_Similar_List:7957,10130,24139,24140,2711,29475,2514
Q78_Similar_List:8000,8001,11299,1030,1031,37107,37108,3801,2560
Q79_Similar_List:8050,39932,39933,16480,16481,21464,30818,13745
Q7_Similar_List:4787,4788,4893,4894,20121,40007,2035,4516
Q80_Similar_List:8091,8092,5765,10351,3229,8409,38540,38541
Q81_Similar_List:8136,8410,8411,19713,23018,19732,7310,7311
Q82_Similar_List:8181,8182,8910,8911,7002,6384,10690,9312,9313
Q83_Similar_List:8237,27367,5979,9402,13413,8886,8887
Q84_Similar_List:8268,8269,14766,12153,5430,12507,33325
Q85_Similar_List:8311,40065,3124,1831,26167,26168,39910
Q86_Similar_List:8352,8353,28598,28599,27794,27795,27798,27799,37822,38711,38712
Q87_Similar_List:8383,8384,4541,9373,42335,42336,28268,28269,30851
Q88_Similar_List:8425,1457,31621,17414,22413,14226
Q89_Similar_List:8464,28335,29117,29434,39926,39927,37771
Q8_Similar_List:4818,4819,22648,22649,3216,6243,6244,25365,23161
Q90_Similar_List:8498,4576,32768,4124,15205,27228,27229
Q91_Similar_List:8527,888,889,10729,10730,10731,10745,10746,10747,10485,469
Q92_Similar_List:8546,37370,2391,5006,8316,3637
Q93_Similar_List:8575,27228,27229,15029,15494,26022,14879
Q94_Similar_List:8616,34909,5283,27303,27304,27305,4315,6141,6142
Q95_Similar_List:8649,8650,5076,3081,15002,17541,35632
Q96_Similar_List:8698,8699,10812,37074,37075,35802,2913,4839
Q97_Similar_List:8732,16514,80,26736,26762,26044
Q98_Similar_List:8763,36094,36095,19624,34930,15101,35803
Q99_Similar_List:8805,8806,31594,31323,32551,13460,33140
Q9_Similar_List:4847,107,2474,9876,1116,1117,22198,22199
