Q0_Similar_List:12536,15195,335,20854,39131,13718
Q10_Similar_List:13061,21231,40178,13062,15009,3247
Q11_Similar_List:13108,13109,25935,25936,18185,18186,23038,23039,24276,22517,22518
Q12_Similar_List:13154,14780,747,748,15076,13595,13596,16678
Q13_Similar_List:13197,13198,32688,32689,3650,3651,1128,1129,32336,32337,32338,6109,6110
Q14_Similar_List:13232,13233,13230,13231,24241,13410,13171,13172,660,661
Q15_Similar_List:13275,13276,7399,3254,18260,24246,27297
Q16_Similar_List:13317,17495,17496,19817,19818,16244,16245,19064,19065,14406
Q17_Similar_List:13365,13366,19096,42079,42080,22656,22657,18157,20583
Q18_Similar_List:13411,13412,21314,21315,18884,18885,1655,7208,7209,41528,41529,41530
Q19_Similar_List:13457,14632,15496,17668,8935,8936,21105
Q1_Similar_List:12685,12686,13486,24849,36382,39838,40620
Q20_Similar_List:13494,13495,15121,3026,15874,26802,8216
Q21_Similar_List:13552,13553,2985,10056,22189,14335,37242
Q22_Similar_List:13626,13627,36484,23212,18751,16216,8884
Q23_Similar_List:13672,19360,19361,17115,17143,19176,19177,12740
Q24_Similar_List:13723,13724,21372,38173,38174,38175,21350,21351,21352,13499,34812
Q25_Similar_List:13787,34690,2900,21873,21885,25059
Q26_Similar_List:13846,1453,14094,20689,26912,26913,27618
Q27_Similar_List:13903,13904,13812,13844,13995,13868,14004,14005
Q28_Similar_List:13973,9976,5105,21751,35505,18105
Q29_Similar_List:14019,12537,35537,13914,35726,8450
Q2_Similar_List:12718,12719,8883,17750,19730,3409,3410,40978
Q30_Similar_List:14052,2628,34470,32174,2234,25730
Q31_Similar_List:14083,14084,15240,21601,40682,20566,20567,3375,3376
Q32_Similar_List:14135,21296,11492,13114,21220,21221,13934
Q33_Similar_List:14171,15195,21189,15259,15260,27099,21453
Q34_Similar_List:14217,14218,14219,14220,14221,14222,14223,14224,14225,13458,13459,14370,14371,19050,19051,13818,13819,6701,6702,6703,6704,6705
Q35_Similar_List:14253,14254,14255,14256,12748,15020,36947,36948,20390,20391,35149
Q36_Similar_List:14295,14296,13167,17307,23295,13638,3414
Q37_Similar_List:14335,24644,1145,12423,12424,12425,34457,38730
Q38_Similar_List:14361,14362,27902,302,14470,24521,24522,24523,30565
Q39_Similar_List:14406,13317,13874,22418,21105,17495,17496
Q3_Similar_List:12752,261,262,35159,35160,19307,23087,23088,32595,32596
Q40_Similar_List:14458,14459,13716,13717,16069,17130,31477,8848
Q41_Similar_List:14506,15569,41732,20719,28575,33458
Q42_Similar_List:14544,14545,14776,15093,20234,9447,15706,15707,15708
Q43_Similar_List:14583,16895,16896,35945,37773,40819,14306
Q44_Similar_List:14609,16718,34904,12480,1185,11305
Q45_Similar_List:14636,16087,7450,20234,20683,31375
Q46_Similar_List:14677,14678,14323,14324,30632,32700,9318,14627
Q47_Similar_List:14726,3287,3288,3289,7868,7869,15413,15529,34530
Q48_Similar_List:14771,14772,14660,25613,15557,14557,14565
Q49_Similar_List:14822,17129,19747,19748,20828,28393,28394,9650
Q4_Similar_List:12794,13466,14651,10719,10720,15210,19185
Q50_Similar_List:14871,22436,22437,20661,27736,35784,35812
Q51_Similar_List:14948,26777,2153,2154,30381,21628,33601,33602,33603
Q52_Similar_List:15017,15018,20372,20373,17226,26122,26123,34476,34477,29452
Q53_Similar_List:15069,26228,26229,16138,27048,9864,33982
Q54_Similar_List:15113,14330,18743,25215,21784,21785,10778
Q55_Similar_List:15143,15144,15145,27895,3795,3796,17361,17362,5769,5770,13602
Q56_Similar_List:15198,15199,15200,17958,17959,169,170,27719,1130,1131,5592,5593
Q57_Similar_List:15245,19962,31467,15291,25312,36970,36971
Q58_Similar_List:15290,20746,19741,448,20789,30606
Q59_Similar_List:15313,15314,5723,14592,27307,27308,27609,4126
Q5_Similar_List:12835,12836,2312,10565,10566,9015,9016,9017,9018,31207,17026
Q60_Similar_List:15343,22045,15206,16878,21479,13136
Q61_Similar_List:15382,3237,3942,20616,8788,35744
Q62_Similar_List:15407,15408,2935,10258,433,32003,26265
Q63_Similar_List:15439,13359,25330,10602,10603,7191,7192,10834
Q64_Similar_List:15475,15476,35571,35573,36541,14108,14109,36135,36136
Q65_Similar_List:15501,40175,15551,17344,17345,15695,14482,14483
Q66_Similar_List:15540,12211,9137,4063,4064,4065,15842
Q67_Similar_List:15576,4624,20638,20639,7123,33640,16900
Q68_Similar_List:15613,20535,10037,26087,4740,14055
Q69_Similar_List:15667,36096,36097,39900,39901,15532,19416,19417,23241,23242
Q6_Similar_List:12881,36116,29453,14548,24777,4124
Q70_Similar_List:15705,13747,13759,13760,3287,3288,3289,12806,8161
Q71_Similar_List:15758,1258,4326,4327,32110,32111,35172,9236,9237
Q72_Similar_List:15813,15814,19655,21077,10796,19647,39428,39429
Q73_Similar_List:15856,15857,40078,35170,21885,30595,30596,4211,4212
Q74_Similar_List:15897,20848,34009,34010,4133,16494,19427,19428
Q75_Similar_List:15938,15939,364,8838,176,16211,12769,12770
Q76_Similar_List:15985,30707,1619,16206,24520,15115
Q77_Similar_List:16031,16032,16033,16034,5890,9397,9398,9399,9400,9401,7607,7608,7609,747,748,31226,31227
Q78_Similar_List:16072,25425,161,15975,15976,201,30670
Q79_Similar_List:16093,21566,13640,13641,4924,12462,12463,12716,12717
Q7_Similar_List:12922,16773,23362,17862,17863,17864,17397,21105
Q80_Similar_List:16119,14949,15875,12893,16114,35520
Q81_Similar_List:16169,29446,14860,15551,24217,5222
Q82_Similar_List:16212,12444,12445,24191,33580,33581,12059,10776,10777
Q83_Similar_List:16247,16601,1132,41698,2959,42361
Q84_Similar_List:16281,5617,7148,7149,27283,27284,29722,29968
Q85_Similar_List:16315,22611,32146,9161,25896,14188
Q86_Similar_List:16353,13486,26453,9287,41559,4450,4451
Q87_Similar_List:16377,28375,28376,20372,20373,40181,40182,28978,28979,28980,20566,20567
Q88_Similar_List:16407,24354,34528,36672,161,21306
Q89_Similar_List:16437,14876,11573,7904,7905,29835,13556,13557
Q8_Similar_List:12984,24213,12909,36138,19039,13815
Q90_Similar_List:16466,8777,13077,13078,20905,18497,19560
Q91_Similar_List:16494,41365,8994,40234,5018,2213
Q92_Similar_List:16520,16521,21189,14697,17104,20999,21000,21001,21002,161
Q93_Similar_List:16557,17894,12851,13319,13320,22806,18405,18406
Q94_Similar_List:16595,14475,19161,23531,23532,35860,23669
Q95_Similar_List:16621,15299,41516,4668,15532,17230
Q96_Similar_List:16648,40026,412,36974,18060,218,219
Q97_Similar_List:16678,29176,7878,21027,29693,3673
Q98_Similar_List:16707,36484,2768,41159,13296,14530,14531
Q99_Similar_List:16731,16732,3655,24331,26305,4759,4760,26056
Q9_Similar_List:13028,13029,17549,17550,13111,13112,18237,18238,41643,41644,23038,23039
