Q0_Similar_List:8819,33679,33680,1458,10685,10686,40219
Q10_Similar_List:9219,3457,26001,1603,8480,8481
Q11_Similar_List:9253,9254,30879,30919,30920,33413,996,997
Q12_Similar_List:9283,30860,25172,2143,23734
Q13_Similar_List:9315,15533,29699,4565,4899
Q14_Similar_List:9353,11974,11975,289,290,8051,8052,10029
Q15_Similar_List:9387,871,12743,39279,9492
Q16_Similar_List:9420,35257,35258,14993,20843,9940
Q17_Similar_List:9454,7710,7699,19320,13192,13193
Q18_Similar_List:9487,7074,4119,9478,9479,29908,29909
Q19_Similar_List:9513,9514,34730,34731,41951,41952,35935,2934
Q1_Similar_List:8982,7928,29222,29223,19575,7930
Q20_Similar_List:9551,15883,15884,548,30371,8853
Q21_Similar_List:9583,1545,1546,11976,1660,1661,11173
Q22_Similar_List:9610,9611,27887,37441,37442,5831
Q23_Similar_List:9640,9641,21410,447,1185,15915
Q24_Similar_List:9675,9574,10907,27511,27512,30422
Q25_Similar_List:9707,41353,3637,31093,21479
Q26_Similar_List:9737,7006,37930,37931,7935,34834
Q27_Similar_List:9762,9763,9764,11226,20946,20947,1706,9132,9133
Q28_Similar_List:9789,31953,34060,34061,27080,40474
Q29_Similar_List:9810,22580,39418,12001,25568,25569
Q2_Similar_List:9003,9004,32559,17325,17326,38772,38773,38774,27786,27787,27788
Q30_Similar_List:9838,9839,1144,12941,12942,15183,15184,16167
Q31_Similar_List:9875,7762,12209,20266,25287
Q32_Similar_List:9913,36619,9206,15768,15769,21300
Q33_Similar_List:9951,9952,9491,20515,39289,39290,36089
Q34_Similar_List:9989,9990,2247,7163,4441,4442,1282
Q35_Similar_List:10022,7786,32042,24401,3166,3167
Q36_Similar_List:10065,35205,16914,25199,25200,1404
Q37_Similar_List:10105,7248,29693,13579,22866
Q38_Similar_List:10143,40923,16189,36955,36956,39221
Q39_Similar_List:10181,20121,27473,2639,9796
Q3_Similar_List:9037,5503,5504,25759,3307,3308,5124
Q40_Similar_List:10216,28074,28075,28076,1351,2760,23063,23064
Q41_Similar_List:10261,40318,21842,10475,8918
Q42_Similar_List:10311,8877,10936,5694,9315
Q43_Similar_List:10348,19437,36094,36095,36050,36051,19624
Q44_Similar_List:10391,25960,35688,25730,40240
Q45_Similar_List:10421,38521,24639,35521,7529
Q46_Similar_List:10464,22460,40981,30694,30695,26467,26468
Q47_Similar_List:10493,24628,24541,24963,27835
Q48_Similar_List:10528,10529,4183,34269,8240,5513
Q49_Similar_List:10569,10570,6855,6856,40970,18337,18338,5448
Q4_Similar_List:9064,41528,41529,41530,40690,7301,7302,4086
Q50_Similar_List:10607,10608,9719,9720,9478,9479,32524,5939,5940
Q51_Similar_List:10663,32763,32764,7132,39061,32400
Q52_Similar_List:10704,22746,17319,23138,23139,978
Q53_Similar_List:10742,10743,10753,28741,28742,6297,19112
Q54_Similar_List:10796,7331,11323,6296,18748,18749
Q55_Similar_List:10833,10827,24981,13833,5016,5017
Q56_Similar_List:10876,29558,29559,29560,28905,10832,17936,17937
Q57_Similar_List:10918,21974,20908,17121,7699
Q58_Similar_List:10973,16877,39576,27404,21214
Q59_Similar_List:11024,5995,7461,19236,5844
Q5_Similar_List:9092,42015,34072,34682,21581
Q60_Similar_List:11075,11076,20971,31160,4800,4801,16054,16055
Q61_Similar_List:11118,11119,5625,5626,33729,33730,16292,18135,18136
Q62_Similar_List:11157,20269,16582,3910,12059
Q63_Similar_List:11193,5720,7389,725,8566,8567
Q64_Similar_List:11235,3893,9458,9459,971,972,3395,3396
Q65_Similar_List:11281,11282,17312,35899,32070,19516,19517
Q66_Similar_List:11318,1433,358,359,360,7482,25537
Q67_Similar_List:11369,16399,16400,4744,12992,1475,1476
Q68_Similar_List:11409,17096,24250,41014,28276
Q69_Similar_List:11446,11447,37029,8053,1281,33911,33912
Q6_Similar_List:9123,40659,35083,4582,1264
Q70_Similar_List:11490,11491,41014,12973,13999,20617
Q71_Similar_List:11528,29875,29876,16346,11429,35312
Q72_Similar_List:11565,11566,1199,9700,9701,2911,42402
Q73_Similar_List:11605,32556,32557,36884,36885,3267,5904
Q74_Similar_List:11632,40340,40341,1352,16145,34699
Q75_Similar_List:11664,32909,32910,3162,3163,941,942,17570,17571
Q76_Similar_List:11687,2050,19887,5342,2639
Q77_Similar_List:11724,11725,11726,11010,11011,9674,23093,23094,6109,6110
Q78_Similar_List:11770,11771,20820,21908,21909,4701,8475,8476,8477,8478
Q79_Similar_List:11811,11812,27633,40424,35119,35120,27724
Q7_Similar_List:9143,3536,34393,9847,9848,10322
Q80_Similar_List:11843,11844,41360,3205,13236,13237,14791
Q81_Similar_List:11881,10864,369,9048,2451
Q82_Similar_List:11916,20672,20673,23631,11956,11957,15695
Q83_Similar_List:11952,11953,2526,8905,34083,1655
Q84_Similar_List:11986,11682,12106,25894,2584
Q85_Similar_List:12026,7008,39492,34254,33000
Q86_Similar_List:12057,12058,39466,33193,33194,38667,17771
Q87_Similar_List:12099,26912,26913,30820,10503,10504,33933,33934
Q88_Similar_List:12130,12131,4858,10574,10575,1993,10328
Q89_Similar_List:12158,12159,12160,11672,11673,42267,42268,42269,41411,28307
Q8_Similar_List:9170,2939,5560,35,20557
Q90_Similar_List:12197,12198,39477,39478,39110,26137,26500
Q91_Similar_List:12233,12234,8918,12973,38796,7240
Q92_Similar_List:12275,12276,11380,11381,10164,41011,1396
Q93_Similar_List:12318,12413,12415,4635,4636,12256
Q94_Similar_List:12362,1756,1757,7842,7843,15650,25250
Q95_Similar_List:12404,12405,13357,13358,40038,18022,18963,18964
Q96_Similar_List:12434,28039,28040,19077,19078,13772,29237,29238
Q97_Similar_List:12466,9640,9641,23031,24152,24153,11305
Q98_Similar_List:12499,12500,582,945,1028,946
Q99_Similar_List:12528,23269,20852,20853,32967,32968,11111,11112
Q9_Similar_List:9193,27480,75,31743,15760,15761
