Q0_Similar_List:20868,40250,22681,22682,22683,27586,16161
Q10_Similar_List:21322,34072,20843,31001,10299
Q11_Similar_List:21355,27643,24997,23261,23262,2818
Q12_Similar_List:21389,21390,2787,2788,14332,22308,16702
Q13_Similar_List:21420,31616,16343,16344,38824,38825,7334,7335
Q14_Similar_List:21450,11820,13861,15862,22382
Q15_Similar_List:21500,24616,21364,30918,20213
Q16_Similar_List:21543,21544,21545,27283,27284,21085,21757,20313
Q17_Similar_List:21591,13814,1604,16722,20981
Q18_Similar_List:21646,37245,37246,13146,13147,40231,17168
Q19_Similar_List:21684,21685,672,24263,27719,27952,27953
Q1_Similar_List:21022,36275,22528,24082,20736
Q20_Similar_List:21737,13898,13899,16377,24123,34393
Q21_Similar_List:21766,9467,42104,9914,817,818
Q22_Similar_List:21814,13026,18281,18282,18283,18284,23182,23183,18126
Q23_Similar_List:21863,21864,12820,12821,39711,42452,42453,29374
Q24_Similar_List:21908,21909,10503,10504,15080,21874,1372,1373
Q25_Similar_List:21958,18335,18336,39396,39397,1365,29197
Q26_Similar_List:21998,21999,15712,15713,16190,17854,17855,21161,21162
Q27_Similar_List:22030,22031,19004,19013,27326,27327,41372
Q28_Similar_List:22074,22075,10145,400,401,26816,26817,15630
Q29_Similar_List:22128,12059,40707,14127,31116
Q2_Similar_List:21050,21051,20422,14403,19589,16535
Q30_Similar_List:22162,41855,41856,41857,36347,27689,21967
Q31_Similar_List:22198,22199,107,30653,5375,8994
Q32_Similar_List:22230,12646,12647,10817,2276,12660
Q33_Similar_List:22276,22277,22278,22418,17830,13195,17437
Q34_Similar_List:22312,22313,13009,37010,36092,36093,4132
Q35_Similar_List:22360,22361,15093,30678,30679,34495,34496,35151
Q36_Similar_List:22392,35083,1366,13999,20650
Q37_Similar_List:22426,22427,13357,13358,2375,12404,12405,12749
Q38_Similar_List:22463,36116,3929,3930,12881,8465,8466
Q39_Similar_List:22506,22507,22428,11053,17874,17875,18561,18562
Q3_Similar_List:21080,863,864,865,10057,13887,35231
Q40_Similar_List:22537,22538,9478,9479,1250,6392,4667
Q41_Similar_List:22581,20463,19805,21174,21175,7496,7497
Q42_Similar_List:22641,22642,14293,16832,32228,35180,35181
Q43_Similar_List:22684,22685,22853,37195,32217,32218,32416,32417
Q44_Similar_List:22725,22726,32765,32766,8723,24281,27668,27669
Q45_Similar_List:22759,7043,7044,38617,38618,38619,38620,5889,19074
Q46_Similar_List:22787,8664,8665,7185,7186,2647,17862,17863,17864
Q47_Similar_List:22821,22822,18378,18379,33459,33460,29409,29410,1344,1345
Q48_Similar_List:22852,13207,22107,17421,13441,13442
Q49_Similar_List:22888,22873,4117,17488,17489,17011
Q4_Similar_List:21109,33350,970,9321,9322,41419
Q50_Similar_List:22932,22933,31269,4793,39816,29649,29650
Q51_Similar_List:22970,22971,18235,18236,28267,8491,8492,25687
Q52_Similar_List:23021,23022,9527,19090,22760,15671
Q53_Similar_List:23060,23061,28694,22209,22008,13874
Q54_Similar_List:23100,23101,8724,11739,11740,38889,38890,31374
Q55_Similar_List:23138,23139,35254,12067,10704,31752
Q56_Similar_List:23176,23177,23178,17862,17863,17864,438,439,12886,12887,19387
Q57_Similar_List:23217,23218,20296,20297,41980,35044,40328
Q58_Similar_List:23250,23251,41172,41173,6975,6976,38548,38549,38550,6258,6259
Q59_Similar_List:23283,23284,14295,14296,23285,23366,23367,3414
Q5_Similar_List:21148,21149,12301,12302,5256,5257,24550,24551,29453
Q60_Similar_List:23310,23311,29278,29279,29280,1727,10382,366
Q61_Similar_List:23344,23345,23346,23347,23348,23349,9749,36467,4964,4965,14270,14271,14272,14273
Q62_Similar_List:23381,23382,1845,34760,22920,16348,16349
Q63_Similar_List:23413,1075,1076,14558,28388,2761
Q64_Similar_List:23450,23451,23452,9087,16865,16866,4670,4671,27928,27929
Q65_Similar_List:23495,23496,33459,33460,24331,26305,15320,15321
Q66_Similar_List:23533,18127,21121,19501,19502,21925,21926
Q67_Similar_List:23585,23586,6140,29538,29539,12684,7207
Q68_Similar_List:23614,23615,37577,37578,23871,23872,33045,33046,33047,33048,4797,4798
Q69_Similar_List:23649,11705,11706,13861,31057,32222
Q6_Similar_List:21180,21181,35821,31405,1060,9354,9355
Q70_Similar_List:23677,23678,27895,23364,33574,27998,27999,28000,28001
Q71_Similar_List:23699,25081,10407,20789,30952
Q72_Similar_List:23725,9595,16168,23727,23728,9970
Q73_Similar_List:23749,29649,29650,22205,20652,30106
Q74_Similar_List:23794,21556,33143,33640,3342
Q75_Similar_List:23830,40866,40867,20925,20926,35109,16846,16847
Q76_Similar_List:23878,23879,30553,32493,32494,41046,37367,37368
Q77_Similar_List:23913,25559,40727,40728,16157,15115
Q78_Similar_List:23957,6526,9132,9133,26657,30604
Q79_Similar_List:23997,41170,41171,35113,41073,31022
Q7_Similar_List:21213,40923,14694,20044,21503
Q80_Similar_List:24029,34897,2549,32563,4512
Q81_Similar_List:24076,24077,588,589,34425,2427,39477,39478
Q82_Similar_List:24117,24118,24119,1005,1006,9718,23038,23039,14298,14299
Q83_Similar_List:24161,24162,17389,6331,6332,20721,23972
Q84_Similar_List:24190,29379,29380,28741,28742,39219,17918
Q85_Similar_List:24219,32733,25549,17162,15654
Q86_Similar_List:24262,33278,15536,900,901,41251,41252
Q87_Similar_List:24295,24296,24113,11996,11997,11440,13187
Q88_Similar_List:24330,16029,29351,29352,29353,27287,27288
Q89_Similar_List:24375,34323,19075,21405,21406,17735
Q8_Similar_List:21236,21237,302,14008,14009,20925,20926,41425
Q90_Similar_List:24413,433,10180,26409,26410,30313
Q91_Similar_List:24453,24454,13047,1655,10038,10039,31813
Q92_Similar_List:24493,4643,6376,25256,31192
Q93_Similar_List:24528,21855,42367,42368,16019,18904
Q94_Similar_List:24572,24573,25011,36484,13487,34351
Q95_Similar_List:24614,24615,2348,32728,3889,2173
Q96_Similar_List:24670,24671,24672,24673,9825,9826,35259,31352,31353,24021
Q97_Similar_List:24736,24517,2466,426,10435
Q98_Similar_List:24783,24784,34352,16930,35744,24040,24041
Q99_Similar_List:24831,29116,33538,33539,41576,33463
Q9_Similar_List:21278,21279,9877,9878,9154,20629,20630,20894,20895
