Q0_Similar_List:18,5762,5763,38515,38516,13345,30344
Q10_Similar_List:529,5090,26148,26149,37733,4403,4404
Q11_Similar_List:580,40831,40808,40839,3885
Q12_Similar_List:610,611,30089,30090,459,460,12980,12981,12982,7208,7209
Q13_Similar_List:656,657,27631,6155,5372,20956
Q14_Similar_List:686,687,4679,688,608,2014
Q15_Similar_List:727,4535,8319,6215,6216,2815
Q16_Similar_List:763,33772,26005,4628,4629,20950
Q17_Similar_List:800,8794,31890,9150,4825
Q18_Similar_List:830,831,2303,2304,39675,2475,2476,3110,3111
Q19_Similar_List:868,869,5432,5433,42397,42398,39032,39033,5579,5580
Q1_Similar_List:185,186,30352,30353,30354,10911,7064,29497
Q20_Similar_List:904,13535,6202,21515,8947
Q21_Similar_List:941,942,30835,30836,17570,17571,5406,6526
Q22_Similar_List:976,34750,34751,30162,29474,3148,3149
Q23_Similar_List:1007,1008,31887,36380,36381,40536,40537,40538,9381,9382
Q24_Similar_List:1038,14071,14072,36797,40212,4650
Q25_Similar_List:1093,1094,24145,5335,27052,25108,25109
Q26_Similar_List:1141,1142,31933,31934,10557,10558,3228,40734
Q27_Similar_List:1195,23447,735,3918,3919,5929
Q28_Similar_List:1242,1243,427,428,34185,2882,5527
Q29_Similar_List:1306,1307,16691,17121,30247,30248,1445,1446
Q2_Similar_List:216,9291,39781,2872,4119
Q30_Similar_List:1358,34628,34802,34503,35012
Q31_Similar_List:1407,24985,19151,19152,26690,26691,37999
Q32_Similar_List:1447,1448,13657,13658,26640,26641,17546,17547,29373
Q33_Similar_List:1513,33874,33875,41287,8078,8079,17351,17352
Q34_Similar_List:1566,11095,7227,7228,18969,30719
Q35_Similar_List:1617,1618,6515,27523,22537,22538,5509,5510
Q36_Similar_List:1651,1984,850,4208,1953
Q37_Similar_List:1688,36721,20267,285,286,3236
Q38_Similar_List:1725,15130,20365,34072,20854
Q39_Similar_List:1756,1757,15014,12362,37092,39023
Q3_Similar_List:243,244,6320,6434,12265,10303,10304
Q40_Similar_List:1804,1805,34982,2110,2046,2047,35298
Q41_Similar_List:1849,22910,22911,32982,32983,23232,23233,7434
Q42_Similar_List:1906,1870,1871,2510,7506,7507,8209
Q43_Similar_List:1946,758,3135,3136,29360,1231
Q44_Similar_List:1978,25235,3342,27228,27229,3334
Q45_Similar_List:2020,6336,6337,27853,27854,32298,1421
Q46_Similar_List:2057,2058,34967,26898,17021,34081
Q47_Similar_List:2091,26610,12292,12293,35574,42166
Q48_Similar_List:2136,2137,9148,26981,27271,27272,116
Q49_Similar_List:2174,10258,2935,5388,568,569
Q4_Similar_List:285,286,12675,23825,23826,24006,24007,23870
Q50_Similar_List:2206,2207,11146,19576,19577,19578,15343,21479
Q51_Similar_List:2247,9604,8070,9989,9990,41302
Q52_Similar_List:2290,11534,1306,1307,21088,19822,19823
Q53_Similar_List:2317,2318,9975,3715,29700,21359
Q54_Similar_List:2349,11,23762,34476,34477,2343,2344
Q55_Similar_List:2382,36606,36607,8502,11971,5375
Q56_Similar_List:2423,978,4228,5403,17379
Q57_Similar_List:2484,585,16865,16866,38019,3415
Q58_Similar_List:2530,19896,19897,19898,20482,29896,10609
Q59_Similar_List:2585,37822,1024,1025,8352,8353,5863,5864
Q5_Similar_List:324,6385,6386,6387,34663,30483,21177
Q60_Similar_List:2635,3145,3146,26500,15658,15659,39477,39478
Q61_Similar_List:2665,3247,6000,22078,24769
Q62_Similar_List:2726,2727,6473,6474,18884,18885,8483,8484,40405
Q63_Similar_List:2787,2788,5326,2728,17124,17162
Q64_Similar_List:2878,39190,39191,7711,35603,34644
Q65_Similar_List:2939,5560,35,20557,9170
Q66_Similar_List:2966,7352,16996,11970,6078
Q67_Similar_List:2996,1910,931,749,5217
Q68_Similar_List:3037,30997,35690,970,20661
Q69_Similar_List:3081,17541,15861,34897,40702
Q6_Similar_List:362,363,5718,5719,28025,39760,3276
Q70_Similar_List:3110,3111,2475,2476,36895,830,831,3481,3482
Q71_Similar_List:3139,3140,6289,6434,12265,11150
Q72_Similar_List:3165,10455,32002,14673,24027
Q73_Similar_List:3192,39716,40459,40460,41944,41945,29148,29149
Q74_Similar_List:3221,3222,3654,4253,24069,14498
Q75_Similar_List:3247,17070,15207,16406,18987,18988
Q76_Similar_List:3284,3285,1304,1305,34624,6258,6259,41186
Q77_Similar_List:3331,15087,15088,21923,17862,17863,17864,22256,22257
Q78_Similar_List:3357,3358,36704,1584,38185,38186,38187,22055
Q79_Similar_List:3390,3391,18863,38689,38690,19377,19989
Q7_Similar_List:409,4,416,18923,18924,591
Q80_Similar_List:3424,3425,10719,10720,1265,1421,27853,27854
Q81_Similar_List:3474,4121,12359,33617,1824,1825
Q82_Similar_List:3511,3512,33,29847,10291,7083
Q83_Similar_List:3565,3566,36017,18805,924,4183
Q84_Similar_List:3611,3124,20781,1604,15979,15980
Q85_Similar_List:3649,4962,26456,26457,41046,40401
Q86_Similar_List:3703,3793,17771,16411,16412,28384
Q87_Similar_List:3750,3751,3752,3753,25967,25968,25969,12323,12324,12325,6447,6448,31212,31213
Q88_Similar_List:3791,20843,26228,26229,14397,15116
Q89_Similar_List:3843,26891,26892,24234,42392,4542
Q8_Similar_List:442,443,8242,8243,32127,29336,37855
Q90_Similar_List:3883,3884,25194,9252,32601,9584
Q91_Similar_List:3931,3932,15025,2487,13388,13389,22614
Q92_Similar_List:4006,4007,5705,5706,16607,23571,23572,38575
Q93_Similar_List:4057,22556,26919,26920,5273,14685
Q94_Similar_List:4098,14226,28175,6369,39542
Q95_Similar_List:4126,27393,27394,25565,11207,20643,20644
Q96_Similar_List:4157,15205,9136,3247,16983
Q97_Similar_List:4209,24257,20530,30626,29177
Q98_Similar_List:4275,447,31434,1264,41865,41866
Q99_Similar_List:4316,4317,4318,19529,24111,32563,28793,28794
Q9_Similar_List:488,489,24870,27401,27402,3746,23675
