Q0_Similar_List:24841,34072,14058,30670,34516
Q10_Similar_List:25454,32637,39496,25612,19988
Q11_Similar_List:25485,8201,8202,4201,29761,42478
Q12_Similar_List:25527,5299,5191,5192,12388,12389,40816
Q13_Similar_List:25579,14615,15093,13774,13775,13776,14535,14536
Q14_Similar_List:25658,25659,19115,33809,7872,7873,17605
Q15_Similar_List:25721,25722,32525,32526,3370,11801,11802,24980
Q16_Similar_List:25762,30117,30118,24860,2622,9855
Q17_Similar_List:25812,25813,2591,14838,14839,14864,25985
Q18_Similar_List:25871,34252,4657,4658,24794,25287
Q19_Similar_List:25944,21071,30856,30857,9232,9233
Q1_Similar_List:25055,25056,7218,7219,15792,15793,12055,12056,39730
Q20_Similar_List:25985,14838,14839,15516,14897,14660
Q21_Similar_List:26023,15819,2369,13325,19077,19078
Q22_Similar_List:26066,26067,35402,37780,37781,26346,26347,25860
Q23_Similar_List:26097,26098,26099,26100,30381,7606,28109,28110,28571,28572
Q24_Similar_List:26124,26125,26126,32076,36187,36188,36189,36190,956,957,15425,15426
Q25_Similar_List:26156,8359,8360,2483,14338,35521
Q26_Similar_List:26190,26191,13521,24174,24177,6698,6699,6700
Q27_Similar_List:26213,31068,1527,26007,31827
Q28_Similar_List:26250,26251,13935,3622,27836,30224
Q29_Similar_List:26280,28455,28456,30135,30136,32556,32557,7985
Q2_Similar_List:25108,25109,36037,30964,1549,32372
Q30_Similar_List:26311,23902,23903,27091,26072,26073,33179,33180
Q31_Similar_List:26337,31803,31804,29192,29193,37080,40216
Q32_Similar_List:26368,5791,5792,30194,2280,28662
Q33_Similar_List:26414,20279,15009,24806,3830
Q34_Similar_List:26472,31323,32551,13460,24184,24185
Q35_Similar_List:26523,26524,27066,27623,27818,27819,23729,23730
Q36_Similar_List:26566,16576,16577,26302,31049,31050,22188
Q37_Similar_List:26621,26622,26623,27309,27310,16066,4668,20790
Q38_Similar_List:26663,18724,18725,19590,11640,9534
Q39_Similar_List:26700,31016,16888,31798,26177,26178
Q3_Similar_List:25158,25159,22953,22954,35890,35891,15,9595
Q40_Similar_List:26732,26733,8485,21717,6771,6772,6773,6774,6775,20237
Q41_Similar_List:26762,26736,26044,27026,8
Q42_Similar_List:26807,26808,26238,33216,3793,10177
Q43_Similar_List:26845,24632,24633,12567,5306,5307,5308,12970
Q44_Similar_List:26903,3043,3044,29985,11606,31529
Q45_Similar_List:26939,26940,34549,24106,41185,40078
Q46_Similar_List:26986,34398,25038,25039,34009,34010,6264
Q47_Similar_List:27017,27018,30544,31831,27522,27833
Q48_Similar_List:27059,20870,40249,9320,20437
Q49_Similar_List:27083,24408,39159,39160,41046,30750
Q4_Similar_List:25201,25202,29964,26017,26018,36633,36634,40206
Q50_Similar_List:27118,3920,27836,558,4921
Q51_Similar_List:27152,27153,2746,2747,2748,2210,2211,28656,2584
Q52_Similar_List:27179,40395,13846,14269,7789,7790
Q53_Similar_List:27200,27205,27206,27490,38596,36364
Q54_Similar_List:27236,21081,42243,42244,32552,6059,6060
Q55_Similar_List:27265,35172,39772,7998,31147
Q56_Similar_List:27298,27663,11435,2300,1994
Q57_Similar_List:27326,27327,24383,24384,33326,27730,26479
Q58_Similar_List:27354,20190,9116,9117,2181,32087,32088
Q59_Similar_List:27381,27382,5306,5307,5308,8838,13352,39583
Q5_Similar_List:25242,39464,39465,31964,33217,33218,41911,41912
Q60_Similar_List:27410,27411,27412,3268,41135,41136,42376,33925,33926
Q61_Similar_List:27454,29111,29112,7060,7061,11066,12356
Q62_Similar_List:27514,27515,32688,32689,3650,3651,27827,27828,27829,30792,30793
Q63_Similar_List:27637,27638,27558,27108,22727,40512
Q64_Similar_List:27742,16088,33467,30896,30897,12515
Q65_Similar_List:27772,27773,29004,29005,9006,9007,37383,37512,37513
Q66_Similar_List:27807,27808,34040,34041,25375,25376,31321,34042,34043
Q67_Similar_List:27833,29946,29947,29375,27522,29916
Q68_Similar_List:27861,27862,9373,16527,5574,5575,28225,28226,28227
Q69_Similar_List:27898,27899,41568,41569,10207,15388,15389,28056,28057
Q6_Similar_List:25275,33077,33078,31602,15759,35730
Q70_Similar_List:27940,27941,27942,18668,32701,32702,38600,38512
Q71_Similar_List:27978,21735,11654,11655,17587,120
Q72_Similar_List:28011,28012,35083,11305,32249,6029,6030
Q73_Similar_List:28045,28046,28385,27667,15998,40978
Q74_Similar_List:28074,28075,28076,10216,1351,9884,3663
Q75_Similar_List:28102,28103,6232,6230,6231,23503,1330
Q76_Similar_List:28136,28137,28134,28135,29192,29193,32646,33318,33319,33320
Q77_Similar_List:28169,41615,8090,39594,17814,17815,17816
Q78_Similar_List:28196,29244,18827,28941,29920
Q79_Similar_List:28228,28229,28230,28107,28108,28686,28687,28023,28024,28469
Q7_Similar_List:25314,24263,24449,24450,27190,33278
Q80_Similar_List:28257,28258,38478,7461,39128,37891
Q81_Similar_List:28288,28289,30105,28347,6061,37865
Q82_Similar_List:28322,28323,25229,14696,24870,23522
Q83_Similar_List:28363,28364,26561,19654,31096,39529,39530
Q84_Similar_List:28400,28401,3355,26042,26043,38859,38860,31302,31303
Q85_Similar_List:28437,28438,28439,28440,37609,37610,27002,35580
Q86_Similar_List:28480,28481,20790,18776,11776,11777,12392,12393
Q87_Similar_List:28519,3530,9938,16458,29982,29983
Q88_Similar_List:28562,30872,6256,6257,31402,31403,39372,39373
Q89_Similar_List:28616,28617,8395,8396,7918,27820,32478
Q8_Similar_List:25363,31076,2489,26449,26450,26451,13980
Q90_Similar_List:28656,111,9409,16501,16502,2746,2747,2748
Q91_Similar_List:28695,8130,36777,8952,13133
Q92_Similar_List:28745,28746,33263,27583,27877,26404
Q93_Similar_List:28793,28794,4316,4317,4318,39928,19529,24481,24482
Q94_Similar_List:28846,29952,28282,13716,13717,23058,23059
Q95_Similar_List:28910,28911,10463,21087,17974,28909
Q96_Similar_List:28983,28984,34810,34811,5819,40942,5891
Q97_Similar_List:29062,29063,7041,7042,33684,26151,35137,35138
Q98_Similar_List:29123,36268,36269,36270,36271,33888,21970,41243,41244
Q99_Similar_List:29163,30124,26926,23633,32333
Q9_Similar_List:25408,25352,25350,25351,14456,14503,14504
