Q0_Similar_List:181842,523465,705861,235147,870819,785694,807981,6684367,1237751
Q10_Similar_List:303149,1554329,6628421,523465,327143,6712643,551332,559902,1376143
Q11_Similar_List:315783,523469,745361,315798,6713949,727728,6639193,153938,1401135
Q12_Similar_List:323345,1212776,1285899,331343,1121650,800334,1546370,6704580,841435
Q13_Similar_List:329969,267948,586615,501286,6720998,6744227,393424,1499282,394446
Q14_Similar_List:339730,783785,302195,331974,836071,509477,1375868,1478121,1146974
Q15_Similar_List:345122,1143512,1251935,1336451,334578,342062,1106132,111087,539263
Q16_Similar_List:351778,406588,697319,390429,610223,404095,57501,526993,484814
Q17_Similar_List:364905,1025973,1489386,1224782,1448643,1353919,929131,1237369,1185303
Q18_Similar_List:369928,715789,658976,586679,859434,507746,1391421,1521873,330516
Q19_Similar_List:381033,1400839,917386,231244,1199296,399152,1025410,1387051,1405500
Q1_Similar_List:243417,870427,437965,604740,809476,1600573,1370118,1394370,6636906
Q20_Similar_List:385606,1223947,638716,908544,1398030,1356246,207300,1606553,69918
Q21_Similar_List:390559,6644582,6620588,962839,724996,620502,6642986,592830,260276
Q22_Similar_List:398796,1239742,6650173,6713908,405089,1516325,1521853,72379,94973
Q23_Similar_List:404605,834963,181842,407949,785694,518813,705861,6684367,611782
Q24_Similar_List:46548,1217363,557581,735936,1206589,1255382,735935,1577104,1312660
Q25_Similar_List:489826,329220,48668,714538,747847,715876,761915,864126,940756
Q26_Similar_List:496387,895346,333867,536731,1294705,518959,719627,497143,294114
Q27_Similar_List:504419,501319,942007,850996,44641,337575,171614,273042,333867
Q28_Similar_List:509411,350970,186521,18530,187071,544702,304003,665355,555902
Q29_Similar_List:515191,823982,1223764,516483,1505493,331285,1163221,1481514,538675
Q2_Similar_List:254167,403605,6758156,6671071,6732349,1261415,726065,36301,1245417
Q30_Similar_List:525025,6675474,828304,851005,6635721,245129,315460,360196,6786619
Q31_Similar_List:533695,299484,1495153,394044,6668061,756696,393351,1008725,371143
Q32_Similar_List:53873,158730,47849,1027407,34486,1560420,586435,34719,141325
Q33_Similar_List:548467,662692,539467,1048826,1126211,58829,1245787,1432283,366931
Q34_Similar_List:557726,570899,321098,856085,6624867,1031649,6625164,754485,979982
Q35_Similar_List:564083,1525243,1525083,564050,821560,1020388,687900,1488266,818210
Q36_Similar_List:572075,492456,560378,609844,262617,399682,302403,238647,582289
Q37_Similar_List:581338,1324669,1376854,1453587,930749,1473331,1473910,6684215,1582801
Q38_Similar_List:58764,863440,350006,29843,1288721,1242320,332113,355616,1568140
Q39_Similar_List:594973,1431865,629697,81746,573964,1434009,1274026,1458432,870392
Q3_Similar_List:262919,263539,253216,1016151,356091,321139,356087,104397,272119
Q40_Similar_List:60156,1406241,1456879,1205749,1490135,992303,99238,1459298,1335086
Q41_Similar_List:612218,327010,66260,395979,543578,406763,614629,1063248,600384
Q42_Similar_List:617783,6623976,902160,1051836,540840,614346,592241,1524269,1125753
Q43_Similar_List:624093,566328,277916,533189,794809,181903,288623,765058,262468
Q44_Similar_List:629815,692138,768593,738669,648453,1059262,1443247,296113,665442
Q45_Similar_List:637232,572920,791320,6717159,1598983,1332338,1331861,6748186,1458432
Q46_Similar_List:64339,1126439,393194,1114197,1119579,6766575,526589,753528,883921
Q47_Similar_List:647257,565794,522296,1219512,287842,697428,214666,616253,122611
Q48_Similar_List:652807,614629,234946,395979,634002,327010,665355,555902,235905
Q49_Similar_List:6609081,6639550,1177126,1574378,1526304,1490384,363984,1109956,881842
Q4_Similar_List:274414,616912,6735980,1164471,6768139,1410135,6665268,1579169,1514704
Q50_Similar_List:6613143,526712,1390356,1200586,1390233,773519,1130223,609059,1071198
Q51_Similar_List:6620588,6688395,1199399,1085829,6781742,1462388,1361501,505323,6692238
Q52_Similar_List:6623770,1446759,1407453,1267884,1329862,1100916,568689,1021168,1463155
Q53_Similar_List:6627403,60148,6790912,1398184,6730935,6647065,601366,84177,1165081
Q54_Similar_List:6633180,6712282,1349275,934874,1427978,698956,1487223,876236,1455275
Q55_Similar_List:6638788,1128004,1166291,631924,604174,823478,898834,920075,817116
Q56_Similar_List:6642388,1058329,1220502,852392,1201859,769854,1009235,611089,1358513
Q57_Similar_List:6646085,6794266,1156413,1295641,1425625,6722223,1435331,6727534,6691335
Q58_Similar_List:6649871,841524,1181546,1019382,1040724,1100027,1335819,1357216,571528
Q59_Similar_List:665355,555902,270040,674047,366305,92915,544702,77334,243432
Q5_Similar_List:277984,366305,253538,107550,332343,616465,274728,287780,158826
Q60_Similar_List:6656601,677661,1329671,6648136,914066,1275142,6718803,396310,1251400
Q61_Similar_List:6659465,1401212,1271013,1478312,6611977,512106,1518753,899172,1223481
Q62_Similar_List:6667029,215613,1480459,6679200,1570235,6736160,1429496,369944,1111675
Q63_Similar_List:6671331,6609123,1440498,696732,591515,495723,1262085,1187100,1390540
Q64_Similar_List:6675755,1420491,6738347,1046376,480822,1511118,1589605,6658694,1471231
Q65_Similar_List:6679875,1548772,1051530,6765644,6694699,1228271,1403470,1511594,6680324
Q66_Similar_List:6681822,1027127,980454,959940,1440467,1201115,1027676,1227490,1499829
Q67_Similar_List:6684931,6695238,6691303,6785442,245151,84177,1482619,76621,6782479
Q68_Similar_List:6690610,957812,536850,544751,6643527,6744945,1497162,1605211,1395456
Q69_Similar_List:6693419,967461,844377,1011046,305583,763969,6760530,6666386,1239288
Q6_Similar_List:282094,346502,807981,346058,221136,788714,487214,264737,357310
Q70_Similar_List:6697996,523035,630568,1571528,6711404,6753858,485686,1054519,1595896
Q71_Similar_List:6701280,1268978,1494478,1494607,1494476,1487105,1197863,1484766,6731618
Q72_Similar_List:6705342,6699193,319415,1157600,6743077,650566,6612859,6657214,1547543
Q73_Similar_List:6708253,612059,1354825,6642134,6706645,6755825,6677839,1093247,858161
Q74_Similar_List:6712258,155483,1380180,1135855,1426532,1524401,1104645,6794266,1437074
Q75_Similar_List:6716335,1341376,320933,6609523,6624948,1596105,6790686,1232117,6730935
Q76_Similar_List:6720175,1102817,1384436,1160877,1022318,541273,708812,1048826,1550960
Q77_Similar_List:6725222,319823,1391157,6674855,543524,6679844,101481,6720261,1434781
Q78_Similar_List:6728219,6704659,844246,917650,1190111,6724308,6655181,747291,1263151
Q79_Similar_List:6732574,548120,1394711,1151404,6612244,1490984,1170449,949678,846936
Q7_Similar_List:28556,317140,341913,1466603,324869,298017,352659,962451,1001389
Q80_Similar_List:6736640,253092,590925,1313909,1388990,1452098,1110253,1031297,1085081
Q81_Similar_List:6741289,6741326,1551979,1273608,1131900,979489,271924,6767877,1396220
Q82_Similar_List:6744845,938185,161478,917389,1598983,1381325,623595,1153513,1604836
Q83_Similar_List:6747978,1321576,1387783,254011,1238062,484888,623019,863868,1581018
Q84_Similar_List:6754691,1180776,862833,171450,758216,1162819,1245895,678349,530835
Q85_Similar_List:6761147,315097,995660,1155047,1449063,6649097,1378393,6685533,1473388
Q86_Similar_List:6765299,145764,1414507,1115399,1452963,101212,682662,1462484,1289814
Q87_Similar_List:6769856,871870,1010161,1356246,832252,903975,1606553,1025120,960470
Q88_Similar_List:6774943,6689215,620769,966330,511905,6667693,1329671,1354894,1275142
Q89_Similar_List:6779271,598617,6765470,6763901,303705,323906,1592812,1190632,6736228
Q8_Similar_List:289430,628174,330833,1471861,145764,1554329,6656332,553491,1448137
Q90_Similar_List:678801,197417,525653,554494,865153,6611060,596096,544326,1242630
Q91_Similar_List:6792317,6726228,1477718,1404765,390262,812983,1502178,623914,194153
Q92_Similar_List:688298,1460606,537619,1429502,583574,945165,1330561,1484638,1426132
Q93_Similar_List:694560,575524,6709638,1164471,1568912,870392,549505,728028,1468275
Q94_Similar_List:701348,1382247,763871,1382278,760592,1533569,1405919,1400658,1523001
Q95_Similar_List:715211,1119407,866446,1119402,841722,1599167,1575232,967768,1126546
Q96_Similar_List:72176,497282,601114,6760621,763933,74780,794809,1473393,353638
Q97_Similar_List:726550,524300,701278,487497,915838,825124,1457074,809476,605950
Q98_Similar_List:732071,1051716,1091646,1121762,849901,823073,760021,1574378,1559197
Q99_Similar_List:747847,489826,355399,537542,48668,253049,347708,714538,397164
Q9_Similar_List:298643,1334016,1333561,993699,1385564,1275143,6776366,366557,1331475
