Q0_Similar_List:24841,34072,14058,30670,34516,39688,40516,11837,11838,2926,4120
Q10_Similar_List:25454,32637,39496,25612,19988,37045,31216,21077,40032,30582
Q11_Similar_List:25485,8201,8202,4201,29761,42478,10053,817,818,682,22811,32608,32609
Q12_Similar_List:25527,5299,5191,5192,12388,12389,40816,21071,12319,21551,26355,35077
Q13_Similar_List:25579,14615,15093,13774,13775,13776,14535,14536,14544,14545,30082,30083,15706,15707,15708,23783,23784,14776
Q14_Similar_List:25658,25659,19115,33809,7872,7873,17605,26056,29512,29513,7456,7457,21358,15913,15914
Q15_Similar_List:25721,25722,32525,32526,3370,11801,11802,24980,33592,32151,1210,12455,32004,32005
Q16_Similar_List:25762,30117,30118,24860,2622,9855,16299,16300,7529,3263,14037,34757
Q17_Similar_List:25812,25813,2591,14838,14839,14864,25985,25732,2579,26687,35397,2752
Q18_Similar_List:25871,34252,4657,4658,24794,25287,38528,34897,4154,14375,21377
Q19_Similar_List:25944,21071,30856,30857,9232,9233,34053,20835,20921,26215,14463,14464
Q1_Similar_List:25055,25056,7218,7219,15792,15793,12055,12056,39730,11319,11320,15784,26345,22712,22713,2198
Q20_Similar_List:25985,14838,14839,15516,14897,14660,25812,25813,16144,4055,15160,2591
Q21_Similar_List:26023,15819,2369,13325,19077,19078,12864,30336,30337,9329,10244,5545,5546
Q22_Similar_List:26066,26067,35402,37780,37781,26346,26347,25860,35385,35386,7034,7035,34787,41919,36811
Q23_Similar_List:26097,26098,26099,26100,30381,7606,28109,28110,28571,28572,19615,41901,41902,4571,24953,37314
Q24_Similar_List:26124,26125,26126,32076,36187,36188,36189,36190,956,957,15425,15426,24515,24516,40739,40932,40933,3299,11100
Q25_Similar_List:26156,8359,8360,2483,14338,35521,35793,8429,2329,5922,8251
Q26_Similar_List:26190,26191,13521,24174,24177,6698,6699,6700,2023,12614,32632,32633,17953,17954,30456,30457,30458
Q27_Similar_List:26213,31068,1527,26007,31827,8375,8376,15227,441,9075,28581
Q28_Similar_List:26250,26251,13935,3622,27836,30224,5041,5042,12024,12025,34993,35112,14215
Q29_Similar_List:26280,28455,28456,30135,30136,32556,32557,7985,26726,42177,42178,24483,26511,26512,26513,28449
Q2_Similar_List:25108,25109,36037,30964,1549,32372,4667,6392,13985,5335,1862
Q30_Similar_List:26311,23902,23903,27091,26072,26073,33179,33180,37995,37996,15536,18276,18277,16753,1130,1131
Q31_Similar_List:26337,31803,31804,29192,29193,37080,40216,33307,33308,31132,6059,6060,30784,14151,14152
Q32_Similar_List:26368,5791,5792,30194,2280,28662,30781,8782,27593,1590,31537
Q33_Similar_List:26414,20279,15009,24806,3830,14468,1758,2738,2739,2740,19366,19367,35529
Q34_Similar_List:26472,31323,32551,13460,24184,24185,32139,32547,29815,33079,26537,26538
Q35_Similar_List:26523,26524,27066,27623,27818,27819,23729,23730,26877,3565,3566,24226,25990,25991,33137
Q36_Similar_List:26566,16576,16577,26302,31049,31050,22188,26989,9309,14632,14112,15838,15839
Q37_Similar_List:26621,26622,26623,27309,27310,16066,4668,20790,36806,35499,24405,24406,28238,28239,14912,14913
Q38_Similar_List:26663,18724,18725,19590,11640,9534,40362,40363,7493,32496,32497,232,1625
Q39_Similar_List:26700,31016,16888,31798,26177,26178,27725,13051,16985,16986,434,435,436,437,3277,3278
Q3_Similar_List:25158,25159,22953,22954,35890,35891,15,9595,11910,29349,34424,28728,5599,5600
Q40_Similar_List:26732,26733,8485,21717,6771,6772,6773,6774,6775,20237,14393,9980,9981,13608,13609,20276,25767,25768
Q41_Similar_List:26762,26736,26044,27026,8,15212,19229,4890,21485,3487
Q42_Similar_List:26807,26808,26238,33216,3793,10177,10007,37080,40425,29503,16939
Q43_Similar_List:26845,24632,24633,12567,5306,5307,5308,12970,13079,39583,11362,11363,24893,585
Q44_Similar_List:26903,3043,3044,29985,11606,31529,33033,236,237,2644,4350,10707
Q45_Similar_List:26939,26940,34549,24106,41185,40078,31526,31123,33041,39068,31612,31613
Q46_Similar_List:26986,34398,25038,25039,34009,34010,6264,36679,36680,36681,26909,32835,32836,1062,4942
Q47_Similar_List:27017,27018,30544,31831,27522,27833,39579,3243,25450,29375,36563
Q48_Similar_List:27059,20870,40249,9320,20437,25068,25069,33571,30676,5794,5795,10965
Q49_Similar_List:27083,24408,39159,39160,41046,30750,671,22158,22159,814,815,975,37815
Q4_Similar_List:25201,25202,29964,26017,26018,36633,36634,40206,41717,39831,24759,28575,24825
Q50_Similar_List:27118,3920,27836,558,4921,8635,41851,6607,6608,5721,5722,26998
Q51_Similar_List:27152,27153,2746,2747,2748,2210,2211,28656,2584,40187,3632,21885,36556,7244,7245
Q52_Similar_List:27179,40395,13846,14269,7789,7790,3942,16049,17026,20616,25666
Q53_Similar_List:27200,27205,27206,27490,38596,36364,719,19458,937,30367,14619
Q54_Similar_List:27236,21081,42243,42244,32552,6059,6060,24544,41324,42390,13875,13876,13877,24038,24039
Q55_Similar_List:27265,35172,39772,7998,31147,16030,31138,905,34375,36115
Q56_Similar_List:27298,27663,11435,2300,1994,2697,37122,37123,14076,14077,26209,26210,37054
Q57_Similar_List:27326,27327,24383,24384,33326,27730,26479,24855,32336,32337,32338,11386,11387,936,21669,21670
Q58_Similar_List:27354,20190,9116,9117,2181,32087,32088,22652,22653,19342,19343,25700,30812,149
Q59_Similar_List:27381,27382,5306,5307,5308,8838,13352,39583,9466,26367,31933,31934,11629,11630,11400
Q5_Similar_List:25242,39464,39465,31964,33217,33218,41911,41912,33993,33994,24844,31494,31514,37167
Q60_Similar_List:27410,27411,27412,3268,41135,41136,42376,33925,33926,34119,9667,40603,40604,1418,15915
Q61_Similar_List:27454,29111,29112,7060,7061,11066,12356,19788,2620,7437,7438,38766,19870
Q62_Similar_List:27514,27515,32688,32689,3650,3651,27827,27828,27829,30792,30793,23093,23094,15764,15765,16043,16044,18837,18838,21684,21685
Q63_Similar_List:27637,27638,27558,27108,22727,40512,32863,38564,18197,33884,33885,20809
Q64_Similar_List:27742,16088,33467,30896,30897,12515,35182,35183,20082,20981,31949,18806,18807
Q65_Similar_List:27772,27773,29004,29005,9006,9007,37383,37512,37513,41333,41334,20720,28926,28927,28928,28308,8458,8459,8460,8461,8462
Q66_Similar_List:27807,27808,34040,34041,25375,25376,31321,34042,34043,35119,35120,33993,33994,21957,41571,41572,11904
Q67_Similar_List:27833,29946,29947,29375,27522,29916,27845,32486,32487,29137,29138,29139,29140,30759,32503
Q68_Similar_List:27861,27862,9373,16527,5574,5575,28225,28226,28227,28268,28269,4541,6402,6403,10316,10317,13516
Q69_Similar_List:27898,27899,41568,41569,10207,15388,15389,28056,28057,32548,32549,38207,38208,38209,38197,38198,38199,30380,8166
Q6_Similar_List:25275,33077,33078,31602,15759,35730,413,414,4024,4025,12791,35095,35096,12675
Q70_Similar_List:27940,27941,27942,18668,32701,32702,38600,38512,28741,28742,18731,18732,8296,38494,41577
Q71_Similar_List:27978,21735,11654,11655,17587,120,15886,32442,3070,33258,15044
Q72_Similar_List:28011,28012,35083,11305,32249,6029,6030,2495,22502,5644,21658,34904
Q73_Similar_List:28045,28046,28385,27667,15998,40978,705,31909,39838,40051,1306,1307
Q74_Similar_List:28074,28075,28076,10216,1351,9884,3663,32431,32432,25876,32413,5647,30602,30603
Q75_Similar_List:28102,28103,6232,6230,6231,23503,1330,975,8326,8327,25700,26359,5992
Q76_Similar_List:28136,28137,28134,28135,29192,29193,32646,33318,33319,33320,28605,28606,6692,6693,24402,28965,28966,35899
Q77_Similar_List:28169,41615,8090,39594,17814,17815,17816,22004,22005,29540,32127,29336,41671
Q78_Similar_List:28196,29244,18827,28941,29920,11308,16997,16998,19072,37888,28575
Q79_Similar_List:28228,28229,28230,28107,28108,28686,28687,28023,28024,28469,37374,37375,28598,28599,27794,27795,27798,27799,25403
Q7_Similar_List:25314,24263,24449,24450,27190,33278,27952,27953,30597,1943,24268,24269,3974
Q80_Similar_List:28257,28258,38478,7461,39128,37891,18987,18988,21959,17739,17740,25568,25569,19229
Q81_Similar_List:28288,28289,30105,28347,6061,37865,37884,5838,8258,28435,29399
Q82_Similar_List:28322,28323,25229,14696,24870,23522,6882,16807,16808,21325,40657,1460
Q83_Similar_List:28363,28364,26561,19654,31096,39529,39530,28052,28053,28054,15948,15949,6739,6740,6741,6742,6743,27774,37051
Q84_Similar_List:28400,28401,3355,26042,26043,38859,38860,31302,31303,3733,15344,27658,27659,28867,24453,24454
Q85_Similar_List:28437,28438,28439,28440,37609,37610,27002,35580,36024,36025,25835,40475,40476,12317,4921
Q86_Similar_List:28480,28481,20790,18776,11776,11777,12392,12393,36806,9288,9289,9290,12646,12647,19014,19015,35499
Q87_Similar_List:28519,3530,9938,16458,29982,29983,37134,22188,25589,7085,7086,255,256
Q88_Similar_List:28562,30872,6256,6257,31402,31403,39372,39373,40222,37965,39058,39059,6127,6128,12259
Q89_Similar_List:28616,28617,8395,8396,7918,27820,32478,17353,19032,8284,11028,11029,39214,39215
Q8_Similar_List:25363,31076,2489,26449,26450,26451,13980,15000,27647,4073,8884,3254
Q90_Similar_List:28656,111,9409,16501,16502,2746,2747,2748,36556,6285,2178,9569,3632
Q91_Similar_List:28695,8130,36777,8952,13133,11253,17343,24471,25676,42007,42008
Q92_Similar_List:28745,28746,33263,27583,27877,26404,25810,30887,9898,37966,18263
Q93_Similar_List:28793,28794,4316,4317,4318,39928,19529,24481,24482,26409,26410,24195,26423,32856,21195
Q94_Similar_List:28846,29952,28282,13716,13717,23058,23059,18148,29969,32294,26789,1330
Q95_Similar_List:28910,28911,10463,21087,17974,28909,28494,10439,6870,26857,28833,28834
Q96_Similar_List:28983,28984,34810,34811,5819,40942,5891,5962,15172,15173,7025,17479,17480,21291,21292
Q97_Similar_List:29062,29063,7041,7042,33684,26151,35137,35138,12147,34914,34915,26449,26450,26451,33823,40183
Q98_Similar_List:29123,36268,36269,36270,36271,33888,21970,41243,41244,8276,8277,7180,7181,7182,21432,21433,21434,21435,21436,6458,32383
Q99_Similar_List:29163,30124,26926,23633,32333,23772,25995,32686,35091,26128
Q9_Similar_List:25408,25352,25350,25351,14456,14503,14504,25417,258,14785,37007,16996
