Q0_Similar_List:8819,33679,33680,1458,10685,10686,40219,42120,42121,28624,730,731,12190,12191,33417
Q10_Similar_List:9219,3457,26001,1603,8480,8481,5142,41111,9468,31680,34410
Q11_Similar_List:9253,9254,30879,30919,30920,33413,996,997,31783,22591,27262,1034,27252,27253
Q12_Similar_List:9283,30860,25172,2143,23734,8884,41703,41704,22534,23161,36829
Q13_Similar_List:9315,15533,29699,4565,4899,10191,22105,36739,7686,11335
Q14_Similar_List:9353,11974,11975,289,290,8051,8052,10029,743,7616,7617,8695,41287,10729,10730,10731
Q15_Similar_List:9387,871,12743,39279,9492,29758,37420,39648,15883,15884,3047
Q16_Similar_List:9420,35257,35258,14993,20843,9940,30255,3791,8283,21458,34914,34915
Q17_Similar_List:9454,7710,7699,19320,13192,13193,7732,7733,7734,37798,21675,17115,41807,41808
Q18_Similar_List:9487,7074,4119,9478,9479,29908,29909,8361,33277,29850,3533,4390
Q19_Similar_List:9513,9514,34730,34731,41951,41952,35935,2934,38295,33990,35642,35644,37576
Q1_Similar_List:8982,7928,29222,29223,19575,7930,38868,19229,17356,39353,5844
Q20_Similar_List:9551,15883,15884,548,30371,8853,28676,38730,15309,20005,1000
Q21_Similar_List:9583,1545,1546,11976,1660,1661,11173,1202,4244,5653,9372,17286,17287
Q22_Similar_List:9610,9611,27887,37441,37442,5831,24193,31350,2050,5913,15474
Q23_Similar_List:9640,9641,21410,447,1185,15915,4275,41865,41866,42266,1264,4892
Q24_Similar_List:9675,9574,10907,27511,27512,30422,30856,30857,12514,2250,8740
Q25_Similar_List:9707,41353,3637,31093,21479,42402,4755,7686,24334,25136,25137
Q26_Similar_List:9737,7006,37930,37931,7935,34834,2735,24321,28360,40083,572
Q27_Similar_List:9762,9763,9764,11226,20946,20947,1706,9132,9133,28152,28153,9258,26624,2547,2689
Q28_Similar_List:9789,31953,34060,34061,27080,40474,29751,26718,38660,39023,2930
Q29_Similar_List:9810,22580,39418,12001,25568,25569,11046,7271,7272,7461,29222,29223,32078
Q2_Similar_List:9003,9004,32559,17325,17326,38772,38773,38774,27786,27787,27788,33404,40628,40629,19789,19790,19791,18269,18270,5859,5860
Q30_Similar_List:9838,9839,1144,12941,12942,15183,15184,16167,12622,15872,15873,15181,15182,21932,21933,41968,41969
Q31_Similar_List:9875,7762,12209,20266,25287,8946,2006,35299,36953,2732
Q32_Similar_List:9913,36619,9206,15768,15769,21300,15030,36656,36075,36076,36077,42499,7215
Q33_Similar_List:9951,9952,9491,20515,39289,39290,36089,36305,36102,15282,29245,40058
Q34_Similar_List:9989,9990,2247,7163,4441,4442,1282,1281,1287,9048,2042,382
Q35_Similar_List:10022,7786,32042,24401,3166,3167,31245,31246,34009,34010,4133,10858,8087,8088
Q36_Similar_List:10065,35205,16914,25199,25200,1404,7307,9096,16688,8130,25796
Q37_Similar_List:10105,7248,29693,13579,22866,7878,31532,7363,21027,24136
Q38_Similar_List:10143,40923,16189,36955,36956,39221,100,101,15940,21137,21138,17331,17332,9183
Q39_Similar_List:10181,20121,27473,2639,9796,39329,39330,19415,39037,7631,7632,5342
Q3_Similar_List:9037,5503,5504,25759,3307,3308,5124,35062,2703,2704,36140,23254,25325
Q40_Similar_List:10216,28074,28075,28076,1351,2760,23063,23064,41351,41352,32043,32044,32045,4018,3663,4345
Q41_Similar_List:10261,40318,21842,10475,8918,26912,26913,31699,29075,12390,12391,464
Q42_Similar_List:10311,8877,10936,5694,9315,7937,24916,20768,2391,6171
Q43_Similar_List:10348,19437,36094,36095,36050,36051,19624,28852,1442,3940,38363,260
Q44_Similar_List:10391,25960,35688,25730,40240,10348,17132,31180,26809,36995
Q45_Similar_List:10421,38521,24639,35521,7529,24257,32113,8251,36604,36605,21226
Q46_Similar_List:10464,22460,40981,30694,30695,26467,26468,40784,32775,15123,19098,34553
Q47_Similar_List:10493,24628,24541,24963,27835,6977,6978,24488,8715,28683,27728
Q48_Similar_List:10528,10529,4183,34269,8240,5513,14407,5206,6129,6130,2176,22002
Q49_Similar_List:10569,10570,6855,6856,40970,18337,18338,5448,9568,10444,4655,4656,4178,9081
Q4_Similar_List:9064,41528,41529,41530,40690,7301,7302,4086,41384,41385,8483,8484,12622,15948,15949,21932,21933
Q50_Similar_List:10607,10608,9719,9720,9478,9479,32524,5939,5940,4036,4738,4739,14160,40740,2872
Q51_Similar_List:10663,32763,32764,7132,39061,32400,7253,39461,41159,2972,19670
Q52_Similar_List:10704,22746,17319,23138,23139,978,7759,19173,8606,37317,16874
Q53_Similar_List:10742,10743,10753,28741,28742,6297,19112,1140,19054,4548,12171,12172,8296
Q54_Similar_List:10796,7331,11323,6296,18748,18749,41703,41704,19739,19740,30315,19732,22077
Q55_Similar_List:10833,10827,24981,13833,5016,5017,5329,4976,13020,13191,26941
Q56_Similar_List:10876,29558,29559,29560,28905,10832,17936,17937,2977,2978,8294,17296,17297,33562,3942
Q57_Similar_List:10918,21974,20908,17121,7699,11221,33184,38653,1196,4833
Q58_Similar_List:10973,16877,39576,27404,21214,39906,24517,15942,14434,14435,14436,37038
Q59_Similar_List:11024,5995,7461,19236,5844,17356,29755,8250,11323,19575
Q5_Similar_List:9092,42015,34072,34682,21581,21322,2325,2326,27551,8787,35032,35033
Q60_Similar_List:11075,11076,20971,31160,4800,4801,16054,16055,16229,16230,38824,38825,27303,27304,27305,15806,27202,27203
Q61_Similar_List:11118,11119,5625,5626,33729,33730,16292,18135,18136,2822,12970,9087,17226,29476
Q62_Similar_List:11157,20269,16582,3910,12059,26549,596,5089,5992,21906
Q63_Similar_List:11193,5720,7389,725,8566,8567,10914,1222,1223,2568,9539,7703,7704
Q64_Similar_List:11235,3893,9458,9459,971,972,3395,3396,9053,19074,19484,22060,22061,8198,8199,8200
Q65_Similar_List:11281,11282,17312,35899,32070,19516,19517,20278,23675,30121,3460,39926,39927
Q66_Similar_List:11318,1433,358,359,360,7482,25537,12227,12228,34410,202,9406,9612
Q67_Similar_List:11369,16399,16400,4744,12992,1475,1476,6103,29897,20956,11198,12623
Q68_Similar_List:11409,17096,24250,41014,28276,19085,19086,17440,17441,3014,40509,3589
Q69_Similar_List:11446,11447,37029,8053,1281,33911,33912,1490,854,855,14293,2041,35539,35540
Q6_Similar_List:9123,40659,35083,4582,1264,19743,9047,31027,31028,31188,31189,31190,31191
Q70_Similar_List:11490,11491,41014,12973,13999,20617,1000,4274,4429,4430,2369,24651,24652,24653
Q71_Similar_List:11528,29875,29876,16346,11429,35312,1846,1847,5581,5582,10019,10020,13983,17278
Q72_Similar_List:11565,11566,1199,9700,9701,2911,42402,8880,3125,10144,809,4211,4212
Q73_Similar_List:11605,32556,32557,36884,36885,3267,5904,11683,3563,12743,13827,37833
Q74_Similar_List:11632,40340,40341,1352,16145,34699,27060,2083,20683,40425,8851
Q75_Similar_List:11664,32909,32910,3162,3163,941,942,17570,17571,30835,30836,39652,11350,42128,42129,9615
Q76_Similar_List:11687,2050,19887,5342,2639,17928,17929,15453,11762,17063,4058,4059
Q77_Similar_List:11724,11725,11726,11010,11011,9674,23093,23094,6109,6110,18837,18838,2019,34552,38182,10932,10933
Q78_Similar_List:11770,11771,20820,21908,21909,4701,8475,8476,8477,8478,4919,4920,7492,33933,33934,6220,6221,33864
Q79_Similar_List:11811,11812,27633,40424,35119,35120,27724,13829,31688,13859,27807,27808,17090
Q7_Similar_List:9143,3536,34393,9847,9848,10322,19602,19603,8393,8394,34398,15897,34009,34010
Q80_Similar_List:11843,11844,41360,3205,13236,13237,14791,42135,16798,16799,37530,37531,3684,3685,3970,3971
Q81_Similar_List:11881,10864,369,9048,2451,1287,9873,11225,27780,41302
Q82_Similar_List:11916,20672,20673,23631,11956,11957,15695,24556,14401,14402,17361,17362,15143,15144,15145,11261
Q83_Similar_List:11952,11953,2526,8905,34083,1655,1814,1815,18810,18811,23621,9558,14227
Q84_Similar_List:11986,11682,12106,25894,2584,24423,11983,25366,8160,24154,24155
Q85_Similar_List:12026,7008,39492,34254,33000,42058,25805,41724,12108,23109
Q86_Similar_List:12057,12058,39466,33193,33194,38667,17771,28384,34008,38637,22816,8469
Q87_Similar_List:12099,26912,26913,30820,10503,10504,33933,33934,3952,3953,3954,9056,16409,16410,8475,8476,8477,8478,21908,21909
Q88_Similar_List:12130,12131,4858,10574,10575,1993,10328,2013,15190,15191,15192,15193,15194,19276,42301,12888
Q89_Similar_List:12158,12159,12160,11672,11673,42267,42268,42269,41411,28307,38577,24012,24013,32882,38411,3761,3762
Q8_Similar_List:9170,2939,5560,35,20557,20332,2392,15094,16450,16451,8708
Q90_Similar_List:12197,12198,39477,39478,39110,26137,26500,22893,22894,33024,12151,12152,2635,3145,3146
Q91_Similar_List:12233,12234,8918,12973,38796,7240,17977,34062,16490,28152,28153,40967
Q92_Similar_List:12275,12276,11380,11381,10164,41011,1396,2475,2476,40253,34064,10147,10148,28175
Q93_Similar_List:12318,12413,12415,4635,4636,12256,27485,27486,8850,23453,12586,29532
Q94_Similar_List:12362,1756,1757,7842,7843,15650,25250,32709,34326,15014,15298,21007
Q95_Similar_List:12404,12405,13357,13358,40038,18022,18963,18964,6473,6474,23556,23557,23558,23559,15425,15426,21007,36380,36381
Q96_Similar_List:12434,28039,28040,19077,19078,13772,29237,29238,3697,18020,13115,13116,10582,26912,26913
Q97_Similar_List:12466,9640,9641,23031,24152,24153,11305,2495,21003,13173,21658,41085
Q98_Similar_List:12499,12500,582,945,1028,946,836,10186,5443,12320,12321,35455
Q99_Similar_List:12528,23269,20852,20853,32967,32968,11111,11112,32907,9629,22373,22374,9699,36805
Q9_Similar_List:9193,27480,75,31743,15760,15761,34611,24598,2351,17039,17040,76
